0;438.857142857143;13444
1;438.958095238095;13922
2;439.059047619048;14152
3;439.16;13776
4;439.260952380952;14268
5;439.361904761905;14480
6;439.462857142857;14525
7;439.563809523809;14816
8;439.664761904762;14858
9;439.765714285714;14964
10;439.866666666667;15306
11;439.967619047619;15578
12;440.068571428571;15684
13;440.169523809524;16001
14;440.270476190476;16200
15;440.371428571429;16153
16;440.472380952381;16399
17;440.573333333333;16758
18;440.674285714286;16712
19;440.775238095238;16966
20;440.87619047619;17078
21;440.977142857143;17123
22;441.078095238095;17791
23;441.179047619048;17648
24;441.28;17891
25;441.380952380952;18315
26;441.481904761905;18425
27;441.582857142857;18587
28;441.683809523809;18566
29;441.784761904762;19055
30;441.885714285714;18873
31;441.986666666667;19230
32;442.087619047619;19565
33;442.188571428571;19783
34;442.289523809524;20155
35;442.390476190476;20288
36;442.491428571429;20361
37;442.592380952381;20670
38;442.693333333333;20885
39;442.794285714286;21209
40;442.895238095238;21498
41;442.99619047619;21618
42;443.097142857143;21887
43;443.198095238095;22304
44;443.299047619048;22678
45;443.4;22541
46;443.500952380952;22919
47;443.601904761905;23239
48;443.702857142857;23630
49;443.803809523809;23987
50;443.904761904762;23810
51;444.005714285714;24133
52;444.106666666667;24581
53;444.207619047619;24739
54;444.308571428571;24869
55;444.409523809524;25589
56;444.510476190476;25402
57;444.611428571429;25786
58;444.712380952381;26445
59;444.813333333333;26762
60;444.914285714286;26726
61;445.015238095238;27175
62;445.11619047619;27427
63;445.217142857143;27556
64;445.318095238095;27893
65;445.419047619048;28173
66;445.52;28559
67;445.620952380952;28893
68;445.721904761905;28940
69;445.822857142857;29294
70;445.923809523809;29260
71;446.024761904762;29963
72;446.125714285714;30274
73;446.226666666667;30620
74;446.327619047619;30529
75;446.428571428571;31086
76;446.529523809524;31399
77;446.630476190476;31419
78;446.731428571429;31758
79;446.832380952381;32336
80;446.933333333333;32431
81;447.034285714286;32623
82;447.135238095238;32799
83;447.23619047619;33397
84;447.337142857143;33502
85;447.438095238095;33541
86;447.539047619048;34045
87;447.64;34321
88;447.740952380952;34692
89;447.841904761905;34835
90;447.942857142857;35414
91;448.04380952381;35438
92;448.144761904762;36034
93;448.245714285714;35860
94;448.346666666667;36359
95;448.447619047619;37007
96;448.548571428571;36877
97;448.649523809524;37195
98;448.750476190476;37660
99;448.851428571429;37401
100;448.952380952381;37879
101;449.053333333333;37976
102;449.154285714286;38463
103;449.255238095238;38750
104;449.35619047619;39100
105;449.457142857143;39037
106;449.558095238095;38958
107;449.659047619048;39365
108;449.76;40255
109;449.860952380952;39980
110;449.961904761905;40406
111;450.062857142857;40109
112;450.16380952381;40808
113;450.264761904762;41033
114;450.365714285714;40974
115;450.466666666667;41213
116;450.567619047619;41242
117;450.668571428571;41546
118;450.769523809524;41794
119;450.870476190476;41707
120;450.971428571429;42336
121;451.072380952381;41955
122;451.173333333333;42683
123;451.274285714286;42799
124;451.375238095238;43129
125;451.47619047619;42870
126;451.577142857143;43287
127;451.678095238095;43869
128;451.779047619048;43595
129;451.88;43618
130;451.980952380952;43561
131;452.081904761905;43669
132;452.182857142857;43992
133;452.28380952381;43885
134;452.384761904762;43795
135;452.485714285714;43780
136;452.586666666667;44612
137;452.687619047619;44370
138;452.788571428571;44536
139;452.889523809524;44227
140;452.990476190476;44604
141;453.091428571429;44538
142;453.192380952381;44849
143;453.293333333333;44386
144;453.394285714286;44467
145;453.495238095238;45148
146;453.59619047619;44789
147;453.697142857143;45030
148;453.798095238095;44491
149;453.899047619048;44099
150;454;42734
151;454.100952380952;41878
152;454.201904761905;41111
153;454.302857142857;41121
154;454.40380952381;41745
155;454.504761904762;42659
156;454.605714285714;42737
157;454.706666666667;43543
158;454.807619047619;44026
159;454.908571428571;44406
160;455.009523809524;44807
161;455.110476190476;44608
162;455.211428571429;44429
163;455.312380952381;44509
164;455.413333333333;44057
165;455.514285714286;43901
166;455.615238095238;43566
167;455.71619047619;43546
168;455.817142857143;43716
169;455.918095238095;43446
170;456.019047619048;43444
171;456.12;43365
172;456.220952380952;43671
173;456.321904761905;43242
174;456.422857142857;43027
175;456.52380952381;42788
176;456.624761904762;42884
177;456.725714285714;42351
178;456.826666666667;42431
179;456.927619047619;42233
180;457.028571428571;42558
181;457.129523809524;41764
182;457.230476190476;41911
183;457.331428571429;42129
184;457.432380952381;41832
185;457.533333333333;41089
186;457.634285714286;41198
187;457.735238095238;41367
188;457.83619047619;41196
189;457.937142857143;41064
190;458.038095238095;41006
191;458.139047619048;40467
192;458.24;40385
193;458.340952380952;40190
194;458.441904761905;40066
195;458.542857142857;39165
196;458.64380952381;39589
197;458.744761904762;39860
198;458.845714285714;39417
199;458.946666666667;39011
200;459.047619047619;38792
201;459.148571428571;38738
202;459.249523809524;38554
203;459.350476190476;38292
204;459.451428571429;38285
205;459.552380952381;38344
206;459.653333333333;37643
207;459.754285714286;37805
208;459.855238095238;38136
209;459.95619047619;37564
210;460.057142857143;37094
211;460.158095238095;37049
212;460.259047619048;36606
213;460.36;36556
214;460.460952380952;36342
215;460.561904761905;36215
216;460.662857142857;36050
217;460.763809523809;35395
218;460.864761904762;36276
219;460.965714285714;35013
220;461.066666666667;35779
221;461.167619047619;35169
222;461.268571428571;34887
223;461.369523809524;34752
224;461.470476190476;34726
225;461.571428571429;34907
226;461.672380952381;34408
227;461.773333333333;33925
228;461.874285714286;34052
229;461.975238095238;33923
230;462.07619047619;33519
231;462.177142857143;33636
232;462.278095238095;32932
233;462.379047619048;33354
234;462.48;32781
235;462.580952380952;32521
236;462.681904761905;32688
237;462.782857142857;32538
238;462.883809523809;32453
239;462.984761904762;32026
240;463.085714285714;31872
241;463.186666666667;31980
242;463.287619047619;31827
243;463.388571428571;31530
244;463.489523809524;31273
245;463.590476190476;30832
246;463.691428571429;31020
247;463.792380952381;30775
248;463.893333333333;30227
249;463.994285714286;30592
250;464.095238095238;30528
251;464.19619047619;30600
252;464.297142857143;29949
253;464.398095238095;29943
254;464.499047619048;29792
255;464.6;29838
256;464.700952380952;29386
257;464.801904761905;29214
258;464.902857142857;29165
259;465.003809523809;29248
260;465.104761904762;28703
261;465.205714285714;28861
262;465.306666666667;28705
263;465.407619047619;28242
264;465.508571428571;28306
265;465.609523809524;28329
266;465.710476190476;28194
267;465.811428571429;27808
268;465.912380952381;27985
269;466.013333333333;27869
270;466.114285714286;27752
271;466.215238095238;27419
272;466.31619047619;27384
273;466.417142857143;26764
274;466.518095238095;27042
275;466.619047619048;27228
276;466.72;26831
277;466.820952380952;26568
278;466.921904761905;26794
279;467.022857142857;26317
280;467.123809523809;26172
281;467.224761904762;26205
282;467.325714285714;26074
283;467.426666666667;26163
284;467.527619047619;25630
285;467.628571428571;25942
286;467.729523809524;25668
287;467.830476190476;25635
288;467.931428571429;25475
289;468.032380952381;25529
290;468.133333333333;24927
291;468.234285714286;25080
292;468.335238095238;24939
293;468.43619047619;25061
294;468.537142857143;24834
295;468.638095238095;24787
296;468.739047619048;24926
297;468.84;24487
298;468.940952380952;24016
299;469.041904761905;24217
300;469.142857142857;24453
301;469.243809523809;23861
302;469.344761904762;23963
303;469.445714285714;23532
304;469.546666666667;24008
305;469.647619047619;23772
306;469.748571428571;23744
307;469.849523809524;23463
308;469.950476190476;23616
309;470.051428571429;23134
310;470.152380952381;23158
311;470.253333333333;22986
312;470.354285714286;23091
313;470.455238095238;22684
314;470.55619047619;22945
315;470.657142857143;22333
316;470.758095238095;22501
317;470.859047619048;22243
318;470.96;22040
319;471.060952380952;22110
320;471.161904761905;21980
321;471.262857142857;21804
322;471.363809523809;21813
323;471.464761904762;21690
324;471.565714285714;21689
325;471.666666666667;21638
326;471.767619047619;21310
327;471.868571428571;21240
328;471.969523809524;21183
329;472.070476190476;21180
330;472.171428571429;20903
331;472.272380952381;21057
332;472.373333333333;20734
333;472.474285714286;20381
334;472.575238095238;20422
335;472.67619047619;20577
336;472.777142857143;20292
337;472.878095238095;19981
338;472.979047619048;19902
339;473.08;20169
340;473.180952380952;20066
341;473.281904761905;19788
342;473.382857142857;19676
343;473.483809523809;19619
344;473.584761904762;19528
345;473.685714285714;19437
346;473.786666666667;19070
347;473.887619047619;18768
348;473.988571428571;18703
349;474.089523809524;18926
350;474.190476190476;18690
351;474.291428571429;18749
352;474.392380952381;18784
353;474.493333333333;18577
354;474.594285714286;18217
355;474.695238095238;18445
356;474.79619047619;18312
357;474.897142857143;17796
358;474.998095238095;17790
359;475.099047619048;17988
360;475.2;17824
361;475.300952380952;17594
362;475.401904761905;17784
363;475.502857142857;17693
364;475.60380952381;17226
365;475.704761904762;17290
366;475.805714285714;17307
367;475.906666666667;17214
368;476.007619047619;17430
369;476.108571428571;17027
370;476.209523809524;16841
371;476.310476190476;16607
372;476.411428571429;16789
373;476.512380952381;16845
374;476.613333333333;16481
375;476.714285714286;16340
376;476.815238095238;16587
377;476.91619047619;16146
378;477.017142857143;16238
379;477.118095238095;15986
380;477.219047619048;15932
381;477.32;15811
382;477.420952380952;16219
383;477.521904761905;15779
384;477.622857142857;15763
385;477.72380952381;15602
386;477.824761904762;15491
387;477.925714285714;15549
388;478.026666666667;15477
389;478.127619047619;15455
390;478.228571428571;15531
391;478.329523809524;15339
392;478.430476190476;15076
393;478.531428571429;15158
394;478.632380952381;14929
395;478.733333333333;15031
396;478.834285714286;14945
397;478.935238095238;14814
398;479.03619047619;14625
399;479.137142857143;14784
400;479.238095238095;14641
401;479.339047619048;14590
402;479.44;14261
403;479.540952380952;14270
404;479.641904761905;14362
405;479.742857142857;14024
406;479.84380952381;14351
407;479.944761904762;14034
408;480.045714285714;14015
409;480.146666666667;14009
410;480.247619047619;13808
411;480.348571428571;13819
412;480.449523809524;13577
413;480.550476190476;13841
414;480.651428571429;13424
415;480.752380952381;13586
416;480.853333333333;13445
417;480.954285714286;13412
418;481.055238095238;13660
419;481.15619047619;13332
420;481.257142857143;13397
421;481.358095238095;13278
422;481.459047619048;13028
423;481.56;13052
424;481.660952380952;13078
425;481.761904761905;13092
426;481.862857142857;13035
427;481.96380952381;12870
428;482.064761904762;12838
429;482.165714285714;12719
430;482.266666666667;12696
431;482.367619047619;12601
432;482.468571428571;12745
433;482.569523809524;12271
434;482.670476190476;12523
435;482.771428571429;12434
436;482.872380952381;12360
437;482.973333333333;12248
438;483.074285714286;12215
439;483.175238095238;12307
440;483.27619047619;12321
441;483.377142857143;12342
442;483.478095238095;12406
443;483.579047619048;11969
444;483.68;12207
445;483.780952380952;11982
446;483.881904761905;12063
447;483.982857142857;12023
448;484.08380952381;12144
449;484.184761904762;11795
450;484.285714285714;11905
451;484.386666666667;11863
452;484.487619047619;11825
453;484.588571428571;11700
454;484.689523809524;11665
455;484.790476190476;11632
456;484.891428571429;11733
457;484.992380952381;11640
458;485.093333333333;11616
459;485.194285714286;11808
460;485.295238095238;11522
461;485.39619047619;11496
462;485.497142857143;11746
463;485.598095238095;11270
464;485.699047619048;11254
465;485.8;11127
466;485.900952380952;11130
467;486.001904761905;11427
468;486.102857142857;11153
469;486.203809523809;11187
470;486.304761904762;11301
471;486.405714285714;11419
472;486.506666666667;11157
473;486.607619047619;11040
474;486.708571428571;11133
475;486.809523809524;11022
476;486.910476190476;10837
477;487.011428571429;11090
478;487.112380952381;11106
479;487.213333333333;11066
480;487.314285714286;10807
481;487.415238095238;10866
482;487.51619047619;10965
483;487.617142857143;10823
484;487.718095238095;11009
485;487.819047619048;11067
486;487.92;10717
487;488.020952380952;11054
488;488.121904761905;10763
489;488.222857142857;10530
490;488.323809523809;10829
491;488.424761904762;10726
492;488.525714285714;10529
493;488.626666666667;10545
494;488.727619047619;10489
495;488.828571428571;10690
496;488.929523809524;10457
497;489.030476190476;10452
498;489.131428571429;10618
499;489.232380952381;10492
500;489.333333333333;10379
501;489.434285714286;10636
502;489.535238095238;10474
503;489.63619047619;10435
504;489.737142857143;10548
505;489.838095238095;10475
506;489.939047619048;10464
507;490.04;10453
508;490.140952380952;10429
509;490.241904761905;10300
510;490.342857142857;10395
511;490.443809523809;10504
512;490.544761904762;10200
513;490.645714285714;10342
514;490.746666666667;10224
515;490.847619047619;10287
516;490.948571428571;10316
517;491.049523809524;10252
518;491.150476190476;10519
519;491.251428571429;10182
520;491.352380952381;10259
521;491.453333333333;10446
522;491.554285714286;10348
523;491.655238095238;10293
524;491.75619047619;10421
525;491.857142857143;10255
526;491.958095238095;10275
527;492.059047619048;10386
528;492.16;10176
529;492.260952380952;10038
530;492.361904761905;10321
531;492.462857142857;10247
532;492.563809523809;10301
533;492.664761904762;10266
534;492.765714285714;10227
535;492.866666666667;10030
536;492.967619047619;10347
537;493.068571428571;10216
538;493.169523809524;10269
539;493.270476190476;10303
540;493.371428571429;10067
541;493.472380952381;10353
542;493.573333333333;10332
543;493.674285714286;10398
544;493.775238095238;10281
545;493.87619047619;10261
546;493.977142857143;10284
547;494.078095238095;10324
548;494.179047619048;10477
549;494.28;10684
550;494.380952380952;10244
551;494.481904761905;10274
552;494.582857142857;10352
553;494.683809523809;10244
554;494.784761904762;10400
555;494.885714285714;10152
556;494.986666666667;10375
557;495.087619047619;10276
558;495.188571428571;10450
559;495.289523809524;10480
560;495.390476190476;10416
561;495.491428571429;10191
562;495.592380952381;10316
563;495.693333333333;10387
564;495.794285714286;10596
565;495.895238095238;10214
566;495.99619047619;10627
567;496.097142857143;10366
568;496.198095238095;10733
569;496.299047619048;10322
570;496.4;10147
571;496.500952380952;10579
572;496.601904761905;10519
573;496.702857142857;10556
574;496.803809523809;10483
575;496.904761904762;10431
576;497.005714285714;10737
577;497.106666666667;10771
578;497.207619047619;10700
579;497.308571428571;10431
580;497.409523809524;10509
581;497.510476190476;10684
582;497.611428571429;10739
583;497.712380952381;10814
584;497.813333333333;10703
585;497.914285714286;10812
586;498.015238095238;10772
587;498.11619047619;10801
588;498.217142857143;10743
589;498.318095238095;10745
590;498.419047619048;10960
591;498.52;10910
592;498.620952380952;10910
593;498.721904761905;10949
594;498.822857142857;10842
595;498.923809523809;10652
596;499.024761904762;10831
597;499.125714285714;11039
598;499.226666666667;11038
599;499.327619047619;11011
600;499.428571428571;11112
601;499.529523809524;10973
602;499.630476190476;11141
603;499.731428571429;10999
604;499.832380952381;11075
605;499.933333333333;11004
606;500.034285714286;11136
607;500.135238095238;11396
608;500.23619047619;11401
609;500.337142857143;11385
610;500.438095238095;11276
611;500.539047619048;11378
612;500.64;11418
613;500.740952380952;11386
614;500.841904761905;11352
615;500.942857142857;11150
616;501.04380952381;11487
617;501.144761904762;11269
618;501.245714285714;11349
619;501.346666666667;11670
620;501.447619047619;11353
621;501.548571428571;11691
622;501.649523809524;11524
623;501.750476190476;11756
624;501.851428571429;11661
625;501.952380952381;11524
626;502.053333333333;11869
627;502.154285714286;11766
628;502.255238095238;11576
629;502.35619047619;11700
630;502.457142857143;11982
631;502.558095238095;11834
632;502.659047619048;11875
633;502.76;11940
634;502.860952380952;12032
635;502.961904761905;11869
636;503.062857142857;12057
637;503.16380952381;11883
638;503.264761904762;11838
639;503.365714285714;12026
640;503.466666666667;12264
641;503.567619047619;11782
642;503.668571428571;12259
643;503.769523809524;12065
644;503.870476190476;12209
645;503.971428571429;12138
646;504.072380952381;12153
647;504.173333333333;12363
648;504.274285714286;12102
649;504.375238095238;12380
650;504.47619047619;12411
651;504.577142857143;12370
652;504.678095238095;12671
653;504.779047619048;12257
654;504.88;12756
655;504.980952380952;12421
656;505.081904761905;12293
657;505.182857142857;12641
658;505.28380952381;12626
659;505.384761904762;12584
660;505.485714285714;12848
661;505.586666666667;12680
662;505.687619047619;12764
663;505.788571428571;12723
664;505.889523809524;12878
665;505.990476190476;12750
666;506.091428571429;12912
667;506.192380952381;12954
668;506.293333333333;12915
669;506.394285714286;12737
670;506.495238095238;12835
671;506.59619047619;12806
672;506.697142857143;12883
673;506.798095238095;13027
674;506.899047619048;13196
675;507;13157
676;507.100952380952;13133
677;507.201904761905;13037
678;507.302857142857;13183
679;507.40380952381;13098
680;507.504761904762;13168
681;507.605714285714;13282
682;507.706666666667;13350
683;507.807619047619;13081
684;507.908571428571;13339
685;508.009523809524;13488
686;508.110476190476;13333
687;508.211428571429;13369
688;508.312380952381;13728
689;508.413333333333;13275
690;508.514285714286;13450
691;508.615238095238;13362
692;508.71619047619;13338
693;508.817142857143;13554
694;508.918095238095;13549
695;509.019047619048;13391
696;509.12;13825
697;509.220952380952;13589
698;509.321904761905;13381
699;509.422857142857;13514
700;509.52380952381;13829
701;509.624761904762;13636
702;509.725714285714;13746
703;509.826666666667;13662
704;509.927619047619;13707
705;510.028571428571;13842
706;510.129523809524;13846
707;510.230476190476;13909
708;510.331428571429;13655
709;510.432380952381;13765
710;510.533333333333;13727
711;510.634285714286;14181
712;510.735238095238;14000
713;510.83619047619;14085
714;510.937142857143;13974
715;511.038095238095;14155
716;511.139047619048;14024
717;511.24;14078
718;511.340952380952;14224
719;511.441904761905;14063
720;511.542857142857;14317
721;511.64380952381;14268
722;511.744761904762;14499
723;511.845714285714;14370
724;511.946666666667;14419
725;512.047619047619;14248
726;512.148571428571;14384
727;512.249523809524;14451
728;512.350476190476;14367
729;512.451428571429;14377
730;512.552380952381;14514
731;512.653333333333;14324
732;512.754285714286;14729
733;512.855238095238;14345
734;512.956190476191;14550
735;513.057142857143;14541
736;513.158095238095;14664
737;513.259047619048;14576
738;513.36;14538
739;513.460952380952;14375
740;513.561904761905;14444
741;513.662857142857;14548
742;513.76380952381;14428
743;513.864761904762;14507
744;513.965714285714;14767
745;514.066666666667;14668
746;514.167619047619;14468
747;514.268571428571;14696
748;514.369523809524;14949
749;514.470476190476;14735
750;514.571428571429;14540
751;514.672380952381;15098
752;514.773333333333;15018
753;514.874285714286;14856
754;514.975238095238;14543
755;515.07619047619;14976
756;515.177142857143;14993
757;515.278095238095;14839
758;515.379047619048;14922
759;515.48;14837
760;515.580952380952;14936
761;515.681904761905;15328
762;515.782857142857;14795
763;515.88380952381;15037
764;515.984761904762;14748
765;516.085714285714;15116
766;516.186666666667;15060
767;516.287619047619;14995
768;516.388571428571;15148
769;516.489523809524;14932
770;516.590476190476;15054
771;516.691428571429;15144
772;516.792380952381;14995
773;516.893333333333;15228
774;516.994285714286;15014
775;517.095238095238;15335
776;517.19619047619;15306
777;517.297142857143;15317
778;517.398095238095;15002
779;517.499047619048;15043
780;517.6;15157
781;517.700952380952;15243
782;517.801904761905;15416
783;517.902857142857;15041
784;518.00380952381;15345
785;518.104761904762;15346
786;518.205714285714;15343
787;518.306666666667;15180
788;518.407619047619;15386
789;518.508571428571;15248
790;518.609523809524;15391
791;518.710476190476;15315
792;518.811428571429;15426
793;518.912380952381;15015
794;519.013333333333;15416
795;519.114285714286;15477
796;519.215238095238;15557
797;519.31619047619;15327
798;519.417142857143;15317
799;519.518095238095;15580
800;519.619047619048;15602
801;519.72;15282
802;519.820952380952;15335
803;519.921904761905;15578
804;520.022857142857;15452
805;520.12380952381;15563
806;520.224761904762;15677
807;520.325714285714;15961
808;520.426666666667;15657
809;520.527619047619;15594
810;520.628571428571;15555
811;520.729523809524;15612
812;520.830476190476;15624
813;520.931428571429;15502
814;521.032380952381;15325
815;521.133333333333;15711
816;521.234285714286;15676
817;521.335238095238;15600
818;521.43619047619;15541
819;521.537142857143;15520
820;521.638095238095;15523
821;521.739047619048;15482
822;521.84;15598
823;521.940952380952;15768
824;522.041904761905;15660
825;522.142857142857;15735
826;522.24380952381;15785
827;522.344761904762;15859
828;522.445714285714;15988
829;522.546666666667;15726
830;522.647619047619;15897
831;522.748571428571;15940
832;522.849523809524;15937
833;522.950476190476;15834
834;523.051428571429;15857
835;523.152380952381;15810
836;523.253333333333;15886
837;523.354285714286;15788
838;523.455238095238;15685
839;523.55619047619;15702
840;523.657142857143;15893
841;523.758095238095;16095
842;523.859047619048;15956
843;523.96;15908
844;524.060952380952;15789
845;524.161904761905;15696
846;524.262857142857;16149
847;524.36380952381;15830
848;524.464761904762;16262
849;524.565714285714;16200
850;524.666666666667;16304
851;524.767619047619;15932
852;524.868571428571;16229
853;524.969523809524;16063
854;525.070476190476;16476
855;525.171428571429;15980
856;525.272380952381;16330
857;525.373333333333;16180
858;525.474285714286;16143
859;525.575238095238;16106
860;525.67619047619;16284
861;525.777142857143;16087
862;525.878095238095;16490
863;525.979047619048;16153
864;526.08;16173
865;526.180952380952;16078
866;526.281904761905;16485
867;526.382857142857;16171
868;526.483809523809;16082
869;526.584761904762;16128
870;526.685714285714;16293
871;526.786666666667;16326
872;526.887619047619;16353
873;526.988571428571;16149
874;527.089523809524;16434
875;527.190476190476;16156
876;527.291428571429;16255
877;527.392380952381;16282
878;527.493333333333;16178
879;527.594285714286;16227
880;527.695238095238;16440
881;527.79619047619;16319
882;527.897142857143;15911
883;527.998095238095;16123
884;528.099047619048;16215
885;528.2;16302
886;528.300952380952;16129
887;528.401904761905;16071
888;528.502857142857;16335
889;528.603809523809;16281
890;528.704761904762;16215
891;528.805714285714;16162
892;528.906666666667;15581
893;529.007619047619;15195
894;529.108571428571;15022
895;529.209523809524;14971
896;529.310476190476;14683
897;529.411428571429;14962
898;529.512380952381;15085
899;529.613333333333;15359
900;529.714285714286;15529
901;529.815238095238;15655
902;529.91619047619;15549
903;530.017142857143;15978
904;530.118095238095;16287
905;530.219047619048;15956
906;530.32;16679
907;530.420952380952;16370
908;530.521904761905;16301
909;530.622857142857;16259
910;530.723809523809;16242
911;530.824761904762;16435
912;530.925714285714;16575
913;531.026666666667;16194
914;531.127619047619;16131
915;531.228571428571;16503
916;531.329523809524;16239
917;531.430476190476;16301
918;531.531428571429;16651
919;531.632380952381;16575
920;531.733333333333;16601
921;531.834285714286;16635
922;531.935238095238;16524
923;532.03619047619;16529
924;532.137142857143;16437
925;532.238095238095;16496
926;532.339047619048;16583
927;532.44;16778
928;532.540952380952;16514
929;532.641904761905;16430
930;532.742857142857;16638
931;532.843809523809;16639
932;532.944761904762;16479
933;533.045714285714;16461
934;533.146666666667;16731
935;533.247619047619;16547
936;533.348571428571;16475
937;533.449523809524;16395
938;533.550476190476;16578
939;533.651428571429;16521
940;533.752380952381;16559
941;533.853333333333;16503
942;533.954285714286;16787
943;534.055238095238;16367
944;534.15619047619;16772
945;534.257142857143;16431
946;534.358095238095;16545
947;534.459047619048;16547
948;534.56;16657
949;534.660952380952;16716
950;534.761904761905;16641
951;534.862857142857;16602
952;534.963809523809;16559
953;535.064761904762;16890
954;535.165714285714;16610
955;535.266666666667;16864
956;535.367619047619;16775
957;535.468571428571;16479
958;535.569523809524;16701
959;535.670476190476;17055
960;535.771428571428;16694
961;535.872380952381;16645
962;535.973333333333;16463
963;536.074285714286;16798
964;536.175238095238;16733
965;536.27619047619;16651
966;536.377142857143;16488
967;536.478095238095;16691
968;536.579047619048;16749
969;536.68;16676
970;536.780952380952;16837
971;536.881904761905;16950
972;536.982857142857;16837
973;537.083809523809;16660
974;537.184761904762;16912
975;537.285714285714;16928
976;537.386666666667;16779
977;537.487619047619;16620
978;537.588571428571;16778
979;537.689523809524;16850
980;537.790476190476;16622
981;537.891428571428;16759
982;537.992380952381;17002
983;538.093333333333;16659
984;538.194285714286;16863
985;538.295238095238;16923
986;538.39619047619;16727
987;538.497142857143;17119
988;538.598095238095;16733
989;538.699047619048;16797
990;538.8;16997
991;538.900952380952;16727
992;539.001904761905;17105
993;539.102857142857;16740
994;539.203809523809;16770
995;539.304761904762;16746
996;539.405714285714;16701
997;539.506666666667;16798
998;539.607619047619;17180
999;539.708571428571;17047
1000;539.809523809524;16785
1001;539.910476190476;16966
1002;540.011428571428;17177
1003;540.112380952381;17030
1004;540.213333333333;17003
1005;540.314285714286;16886
1006;540.415238095238;16843
1007;540.51619047619;16942
1008;540.617142857143;16803
1009;540.718095238095;16791
1010;540.819047619048;17177
1011;540.92;16657
1012;541.020952380952;17017
1013;541.121904761905;17037
1014;541.222857142857;16827
1015;541.323809523809;16938
1016;541.424761904762;17030
1017;541.525714285714;16992
1018;541.626666666667;16958
1019;541.727619047619;16927
1020;541.828571428571;17261
1021;541.929523809524;16829
1022;542.030476190476;16892
1023;542.131428571429;17021
1024;542.232380952381;16865
1025;542.333333333333;16968
1026;542.434285714286;16734
1027;542.535238095238;16924
1028;542.63619047619;17018
1029;542.737142857143;17150
1030;542.838095238095;17046
1031;542.939047619048;16839
1032;543.04;17068
1033;543.140952380952;16865
1034;543.241904761905;17337
1035;543.342857142857;16923
1036;543.443809523809;16873
1037;543.544761904762;17004
1038;543.645714285714;17012
1039;543.746666666667;16868
1040;543.847619047619;17215
1041;543.948571428571;17198
1042;544.049523809524;16970
1043;544.150476190476;17024
1044;544.251428571429;17192
1045;544.352380952381;17227
1046;544.453333333333;17139
1047;544.554285714286;17107
1048;544.655238095238;17200
1049;544.75619047619;16982
1050;544.857142857143;16909
1051;544.958095238095;17123
1052;545.059047619048;16805
1053;545.16;16922
1054;545.260952380952;17089
1055;545.361904761905;17164
1056;545.462857142857;17197
1057;545.563809523809;17164
1058;545.664761904762;17431
1059;545.765714285714;17466
1060;545.866666666667;17240
1061;545.967619047619;17178
1062;546.068571428571;17412
1063;546.169523809524;17289
1064;546.270476190476;17445
1065;546.371428571429;17284
1066;546.472380952381;17489
1067;546.573333333333;17334
1068;546.674285714286;17340
1069;546.775238095238;17552
1070;546.87619047619;17144
1071;546.977142857143;17346
1072;547.078095238095;17161
1073;547.179047619048;17100
1074;547.28;17184
1075;547.380952380952;17124
1076;547.481904761905;17341
1077;547.582857142857;17318
1078;547.683809523809;17496
1079;547.784761904762;17298
1080;547.885714285714;17320
1081;547.986666666667;17284
1082;548.087619047619;17459
1083;548.188571428571;17454
1084;548.289523809524;17581
1085;548.390476190476;17518
1086;548.491428571429;17544
1087;548.592380952381;17199
1088;548.693333333333;17447
1089;548.794285714286;17320
1090;548.895238095238;17547
1091;548.99619047619;17438
1092;549.097142857143;17697
1093;549.198095238095;17477
1094;549.299047619048;17306
1095;549.4;17351
1096;549.500952380952;17505
1097;549.601904761905;17322
1098;549.702857142857;17498
1099;549.803809523809;17401
1100;549.904761904762;17359
1101;550.005714285714;17540
1102;550.106666666667;17473
1103;550.207619047619;17431
1104;550.308571428571;17506
1105;550.409523809524;17541
1106;550.510476190476;17846
1107;550.611428571429;17622
1108;550.712380952381;17509
1109;550.813333333333;17341
1110;550.914285714286;17394
1111;551.015238095238;17459
1112;551.11619047619;17563
1113;551.217142857143;17458
1114;551.318095238095;17438
1115;551.419047619048;17609
1116;551.52;17423
1117;551.620952380952;17609
1118;551.721904761905;17547
1119;551.822857142857;17511
1120;551.923809523809;17678
1121;552.024761904762;17419
1122;552.125714285714;17714
1123;552.226666666667;17585
1124;552.327619047619;17579
1125;552.428571428571;17307
1126;552.529523809524;17557
1127;552.630476190476;17631
1128;552.731428571429;17922
1129;552.832380952381;17663
1130;552.933333333333;17867
1131;553.034285714286;17440
1132;553.135238095238;17699
1133;553.23619047619;17701
1134;553.337142857143;17861
1135;553.438095238095;17827
1136;553.539047619048;17634
1137;553.64;17677
1138;553.740952380952;17966
1139;553.841904761905;17752
1140;553.942857142857;17653
1141;554.04380952381;17707
1142;554.144761904762;17712
1143;554.245714285714;17859
1144;554.346666666667;17898
1145;554.447619047619;17716
1146;554.548571428571;17659
1147;554.649523809524;17962
1148;554.750476190476;17931
1149;554.851428571429;17563
1150;554.952380952381;17958
1151;555.053333333333;17633
1152;555.154285714286;17979
1153;555.255238095238;17737
1154;555.35619047619;17983
1155;555.457142857143;17809
1156;555.558095238095;18014
1157;555.659047619048;17835
1158;555.76;17816
1159;555.860952380952;17731
1160;555.961904761905;17994
1161;556.062857142857;17925
1162;556.16380952381;18003
1163;556.264761904762;17762
1164;556.365714285714;17935
1165;556.466666666667;17717
1166;556.567619047619;17790
1167;556.668571428571;17847
1168;556.769523809524;18095
1169;556.870476190476;17895
1170;556.971428571429;18144
1171;557.072380952381;17771
1172;557.173333333333;18007
1173;557.274285714286;17937
1174;557.375238095238;18051
1175;557.47619047619;17896
1176;557.577142857143;18245
1177;557.678095238095;18009
1178;557.779047619048;17960
1179;557.88;18119
1180;557.980952380952;17946
1181;558.081904761905;18138
1182;558.182857142857;18126
1183;558.28380952381;17830
1184;558.384761904762;18227
1185;558.485714285714;18067
1186;558.586666666667;17953
1187;558.687619047619;17817
1188;558.788571428571;17927
1189;558.889523809524;18011
1190;558.990476190476;18125
1191;559.091428571429;18374
1192;559.192380952381;18260
1193;559.293333333333;17867
1194;559.394285714286;18235
1195;559.495238095238;18098
1196;559.59619047619;18451
1197;559.697142857143;18092
1198;559.798095238095;18151
1199;559.899047619048;18145
1200;560;18171
1201;560.100952380952;18261
1202;560.201904761905;18240
1203;560.302857142857;18201
1204;560.40380952381;18674
1205;560.504761904762;18035
1206;560.605714285714;18442
1207;560.706666666667;18122
1208;560.807619047619;18232
1209;560.908571428571;18473
1210;561.009523809524;18515
1211;561.110476190476;18165
1212;561.211428571429;18187
1213;561.312380952381;18178
1214;561.413333333333;18364
1215;561.514285714286;18425
1216;561.615238095238;18390
1217;561.71619047619;18537
1218;561.817142857143;18487
1219;561.918095238095;18372
1220;562.019047619048;18270
1221;562.12;18361
1222;562.220952380952;18452
1223;562.321904761905;18549
1224;562.422857142857;18334
1225;562.52380952381;18725
1226;562.624761904762;18488
1227;562.725714285714;18224
1228;562.826666666667;18620
1229;562.927619047619;18627
1230;563.028571428571;18388
1231;563.129523809524;18592
1232;563.230476190476;18742
1233;563.331428571429;18410
1234;563.432380952381;18585
1235;563.533333333333;18786
1236;563.634285714286;18550
1237;563.735238095238;18505
1238;563.83619047619;18663
1239;563.937142857143;18702
1240;564.038095238095;18805
1241;564.139047619048;18633
1242;564.24;18424
1243;564.340952380952;18761
1244;564.441904761905;18783
1245;564.542857142857;18692
1246;564.64380952381;18888
1247;564.744761904762;18890
1248;564.845714285714;18690
1249;564.946666666667;19013
1250;565.047619047619;18542
1251;565.148571428571;18936
1252;565.249523809524;18763
1253;565.350476190476;18911
1254;565.451428571429;18798
1255;565.552380952381;18853
1256;565.653333333333;18886
1257;565.754285714286;18787
1258;565.855238095238;18815
1259;565.956190476191;18911
1260;566.057142857143;18818
1261;566.158095238095;18831
1262;566.259047619048;18899
1263;566.36;18977
1264;566.460952380952;19305
1265;566.561904761905;18739
1266;566.662857142857;18729
1267;566.76380952381;19059
1268;566.864761904762;18950
1269;566.965714285714;18846
1270;567.066666666667;19193
1271;567.167619047619;18930
1272;567.268571428571;18955
1273;567.369523809524;18933
1274;567.470476190476;19209
1275;567.571428571429;18794
1276;567.672380952381;19253
1277;567.773333333333;18893
1278;567.874285714286;19274
1279;567.975238095238;19366
1280;568.07619047619;19301
1281;568.177142857143;19262
1282;568.278095238095;19366
1283;568.379047619048;19219
1284;568.48;19387
1285;568.580952380952;19212
1286;568.681904761905;19581
1287;568.782857142857;19275
1288;568.88380952381;19335
1289;568.984761904762;19309
1290;569.085714285714;19474
1291;569.186666666667;19152
1292;569.287619047619;19501
1293;569.388571428571;19331
1294;569.489523809524;19650
1295;569.590476190476;19095
1296;569.691428571429;19152
1297;569.792380952381;19402
1298;569.893333333333;19451
1299;569.994285714286;19371
1300;570.095238095238;19603
1301;570.19619047619;19352
1302;570.297142857143;19659
1303;570.398095238095;19543
1304;570.499047619048;19671
1305;570.6;19429
1306;570.700952380952;19410
1307;570.801904761905;19473
1308;570.902857142857;19405
1309;571.00380952381;19535
1310;571.104761904762;19560
1311;571.205714285714;19327
1312;571.306666666667;19586
1313;571.407619047619;19524
1314;571.508571428571;19159
1315;571.609523809524;19686
1316;571.710476190476;19297
1317;571.811428571429;19397
1318;571.912380952381;19412
1319;572.013333333333;19611
1320;572.114285714286;19779
1321;572.215238095238;19536
1322;572.31619047619;19406
1323;572.417142857143;19556
1324;572.518095238095;19515
1325;572.619047619048;19263
1326;572.72;19664
1327;572.820952380952;19785
1328;572.921904761905;19230
1329;573.022857142857;19465
1330;573.12380952381;20099
1331;573.224761904762;19606
1332;573.325714285714;19722
1333;573.426666666667;19549
1334;573.527619047619;19534
1335;573.628571428571;19367
1336;573.729523809524;19687
1337;573.830476190476;19603
1338;573.931428571429;19742
1339;574.032380952381;19329
1340;574.133333333333;19749
1341;574.234285714286;19761
1342;574.335238095238;19769
1343;574.43619047619;19675
1344;574.537142857143;19450
1345;574.638095238095;19772
1346;574.739047619048;19732
1347;574.84;19354
1348;574.940952380952;19635
1349;575.041904761905;19673
1350;575.142857142857;19418
1351;575.24380952381;19638
1352;575.344761904762;19665
1353;575.445714285714;19487
1354;575.546666666667;19628
1355;575.647619047619;19465
1356;575.748571428571;19675
1357;575.849523809524;19426
1358;575.950476190476;19725
1359;576.051428571429;19622
1360;576.152380952381;19706
1361;576.253333333333;19405
1362;576.354285714286;19433
1363;576.455238095238;19580
1364;576.55619047619;19639
1365;576.657142857143;19793
1366;576.758095238095;20128
1367;576.859047619048;20034
1368;576.96;19628
1369;577.060952380952;19527
1370;577.161904761905;20004
1371;577.262857142857;19870
1372;577.363809523809;20139
1373;577.464761904762;19866
1374;577.565714285714;19975
1375;577.666666666667;19834
1376;577.767619047619;19701
1377;577.868571428571;19783
1378;577.969523809524;19751
1379;578.070476190476;19825
1380;578.171428571429;19883
1381;578.272380952381;19770
1382;578.373333333333;19767
1383;578.474285714286;19659
1384;578.575238095238;19884
1385;578.67619047619;19697
1386;578.777142857143;19749
1387;578.878095238095;19555
1388;578.979047619048;19487
1389;579.08;19198
1390;579.180952380952;19558
1391;579.281904761905;19680
1392;579.382857142857;19621
1393;579.483809523809;19401
1394;579.584761904762;19563
1395;579.685714285714;19505
1396;579.786666666667;19934
1397;579.887619047619;19570
1398;579.988571428571;19652
1399;580.089523809524;19623
1400;580.190476190476;19418
1401;580.291428571429;19383
1402;580.392380952381;19635
1403;580.493333333333;19266
1404;580.594285714286;19321
1405;580.695238095238;19487
1406;580.79619047619;19705
1407;580.897142857143;19617
1408;580.998095238095;19421
1409;581.099047619048;19484
1410;581.2;19265
1411;581.300952380952;19264
1412;581.401904761905;19386
1413;581.502857142857;19476
1414;581.603809523809;19380
1415;581.704761904762;19368
1416;581.805714285714;19668
1417;581.906666666667;19283
1418;582.007619047619;19348
1419;582.108571428571;19394
1420;582.209523809524;19222
1421;582.310476190476;19282
1422;582.411428571429;19095
1423;582.512380952381;19308
1424;582.613333333333;18967
1425;582.714285714286;19215
1426;582.815238095238;19241
1427;582.91619047619;19255
1428;583.017142857143;19236
1429;583.118095238095;19003
1430;583.219047619048;19317
1431;583.32;19274
1432;583.420952380952;18875
1433;583.521904761905;19346
1434;583.622857142857;19113
1435;583.723809523809;19010
1436;583.824761904762;19223
1437;583.925714285714;18889
1438;584.026666666667;19251
1439;584.127619047619;19024
1440;584.228571428571;19215
1441;584.329523809524;19153
1442;584.430476190476;18902
1443;584.531428571429;19209
1444;584.632380952381;19050
1445;584.733333333333;18941
1446;584.834285714286;19030
1447;584.935238095238;18799
1448;585.03619047619;18886
1449;585.137142857143;18839
1450;585.238095238095;19116
1451;585.339047619048;18873
1452;585.44;19137
1453;585.540952380952;19117
1454;585.641904761905;19127
1455;585.742857142857;19020
1456;585.843809523809;19000
1457;585.944761904762;18914
1458;586.045714285714;18886
1459;586.146666666667;19055
1460;586.247619047619;18802
1461;586.348571428571;18948
1462;586.449523809524;18929
1463;586.550476190476;19005
1464;586.651428571428;18969
1465;586.752380952381;18789
1466;586.853333333333;18752
1467;586.954285714286;19112
1468;587.055238095238;18736
1469;587.15619047619;18494
1470;587.257142857143;18712
1471;587.358095238095;18730
1472;587.459047619048;18712
1473;587.56;18600
1474;587.660952380952;18685
1475;587.761904761905;18698
1476;587.862857142857;18665
1477;587.963809523809;18434
1478;588.064761904762;18702
1479;588.165714285714;18542
1480;588.266666666667;18669
1481;588.367619047619;18316
1482;588.468571428571;18419
1483;588.569523809524;18609
1484;588.670476190476;18721
1485;588.771428571428;18360
1486;588.872380952381;18506
1487;588.973333333333;18567
1488;589.074285714286;18714
1489;589.175238095238;18566
1490;589.27619047619;18434
1491;589.377142857143;18357
1492;589.478095238095;18267
1493;589.579047619048;18349
1494;589.68;18401
1495;589.780952380952;18447
1496;589.881904761905;18032
1497;589.982857142857;18109
1498;590.083809523809;18182
1499;590.184761904762;18276
1500;590.285714285714;18395
1501;590.386666666667;18332
1502;590.487619047619;18232
1503;590.588571428571;18485
1504;590.689523809524;18438
1505;590.790476190476;18079
1506;590.891428571428;18122
1507;590.992380952381;17996
1508;591.093333333333;18280
1509;591.194285714286;18189
1510;591.295238095238;18417
1511;591.39619047619;17975
1512;591.497142857143;18186
1513;591.598095238095;18020
1514;591.699047619048;18218
1515;591.8;17920
1516;591.900952380952;18035
1517;592.001904761905;17783
1518;592.102857142857;18250
1519;592.203809523809;17951
1520;592.304761904762;18018
1521;592.405714285714;18007
1522;592.506666666667;17953
1523;592.607619047619;17881
1524;592.708571428571;17799
1525;592.809523809524;17857
1526;592.910476190476;17569
1527;593.011428571428;17764
1528;593.112380952381;17640
1529;593.213333333333;17845
1530;593.314285714286;17756
1531;593.415238095238;17892
1532;593.51619047619;17698
1533;593.617142857143;17464
1534;593.718095238095;17768
1535;593.819047619048;17742
1536;593.92;17710
1537;594.020952380952;17717
1538;594.121904761905;17580
1539;594.222857142857;17642
1540;594.323809523809;17345
1541;594.424761904762;17515
1542;594.525714285714;17350
1543;594.626666666667;17570
1544;594.727619047619;17581
1545;594.828571428571;17336
1546;594.929523809524;17607
1547;595.030476190476;17583
1548;595.131428571429;17579
1549;595.232380952381;17432
1550;595.333333333333;17086
1551;595.434285714286;17171
1552;595.535238095238;17307
1553;595.63619047619;17063
1554;595.737142857143;17552
1555;595.838095238095;17435
1556;595.939047619048;17251
1557;596.04;17495
1558;596.140952380952;17133
1559;596.241904761905;17054
1560;596.342857142857;17269
1561;596.443809523809;17051
1562;596.544761904762;17059
1563;596.645714285714;16844
1564;596.746666666667;16923
1565;596.847619047619;16892
1566;596.948571428571;16973
1567;597.049523809524;16857
1568;597.150476190476;16982
1569;597.251428571429;16833
1570;597.352380952381;16824
1571;597.453333333333;16796
1572;597.554285714286;16922
1573;597.655238095238;16535
1574;597.75619047619;16508
1575;597.857142857143;16834
1576;597.958095238095;16964
1577;598.059047619048;16527
1578;598.16;16483
1579;598.260952380952;16864
1580;598.361904761905;16609
1581;598.462857142857;16610
1582;598.563809523809;16601
1583;598.664761904762;16629
1584;598.765714285714;16530
1585;598.866666666667;16638
1586;598.967619047619;16575
1587;599.068571428571;16576
1588;599.169523809524;16326
1589;599.270476190476;16021
1590;599.371428571429;16181
1591;599.472380952381;16267
1592;599.573333333333;16346
1593;599.674285714286;16109
1594;599.775238095238;16288
1595;599.87619047619;16148
1596;599.977142857143;16227
1597;600.078095238095;16319
1598;600.179047619048;16184
1599;600.28;15984
1600;600.380952380952;16102
1601;600.481904761905;15947
1602;600.582857142857;16073
1603;600.683809523809;15970
1604;600.784761904762;16018
1605;600.885714285714;15691
1606;600.986666666667;15703
1607;601.087619047619;15900
1608;601.188571428571;16029
1609;601.289523809524;15873
1610;601.390476190476;15791
1611;601.491428571429;15729
1612;601.592380952381;15858
1613;601.693333333333;15550
1614;601.794285714286;15892
1615;601.895238095238;15711
1616;601.99619047619;15632
1617;602.097142857143;15701
1618;602.198095238095;15621
1619;602.299047619048;15628
1620;602.4;15363
1621;602.500952380952;15280
1622;602.601904761905;15582
1623;602.702857142857;15460
1624;602.803809523809;15558
1625;602.904761904762;15243
1626;603.005714285714;15498
1627;603.106666666667;15353
1628;603.207619047619;15430
1629;603.308571428571;15249
1630;603.409523809524;15317
1631;603.510476190476;15397
1632;603.611428571429;15340
1633;603.712380952381;15103
1634;603.813333333333;15156
1635;603.914285714286;15330
1636;604.015238095238;15142
1637;604.11619047619;15158
1638;604.217142857143;14969
1639;604.318095238095;15258
1640;604.419047619048;14957
1641;604.52;15035
1642;604.620952380952;15177
1643;604.721904761905;14958
1644;604.822857142857;14917
1645;604.923809523809;14856
1646;605.024761904762;14533
1647;605.125714285714;14790
1648;605.226666666667;15025
1649;605.327619047619;14600
1650;605.428571428571;14694
1651;605.529523809524;14616
1652;605.630476190476;14743
1653;605.731428571429;14604
1654;605.832380952381;14710
1655;605.933333333333;14329
1656;606.034285714286;14334
1657;606.135238095238;14421
1658;606.23619047619;14734
1659;606.337142857143;14581
1660;606.438095238095;14572
1661;606.539047619048;14539
1662;606.64;14356
1663;606.740952380952;14317
1664;606.841904761905;14212
1665;606.942857142857;14320
1666;607.04380952381;14197
1667;607.144761904762;14366
1668;607.245714285714;14036
1669;607.346666666667;14280
1670;607.447619047619;14054
1671;607.548571428571;14254
1672;607.649523809524;14107
1673;607.750476190476;13962
1674;607.851428571429;14028
1675;607.952380952381;13969
1676;608.053333333333;13873
1677;608.154285714286;13945
1678;608.255238095238;13889
1679;608.35619047619;13848
1680;608.457142857143;13776
1681;608.558095238095;13736
1682;608.659047619048;13878
1683;608.76;13866
1684;608.860952380952;13730
1685;608.961904761905;13442
1686;609.062857142857;13836
1687;609.16380952381;13711
1688;609.264761904762;13639
1689;609.365714285714;13605
1690;609.466666666667;13743
1691;609.567619047619;13378
1692;609.668571428571;13247
1693;609.769523809524;13465
1694;609.870476190476;13404
1695;609.971428571429;13491
1696;610.072380952381;13365
1697;610.173333333333;13201
1698;610.274285714286;13384
1699;610.375238095238;13318
1700;610.47619047619;13327
1701;610.577142857143;13102
1702;610.678095238095;13142
1703;610.779047619048;13162
1704;610.88;13261
1705;610.980952380952;12997
1706;611.081904761905;13133
1707;611.182857142857;13123
1708;611.28380952381;13077
1709;611.384761904762;13002
1710;611.485714285714;13114
1711;611.586666666667;12938
1712;611.687619047619;12939
1713;611.788571428571;12994
1714;611.889523809524;12901
1715;611.990476190476;12745
1716;612.091428571429;12693
1717;612.192380952381;12523
1718;612.293333333333;12703
1719;612.394285714286;12754
1720;612.495238095238;12864
1721;612.59619047619;12732
1722;612.697142857143;12805
1723;612.798095238095;12429
1724;612.899047619048;12567
1725;613;12450
1726;613.100952380952;12320
1727;613.201904761905;12388
1728;613.302857142857;12384
1729;613.40380952381;12269
1730;613.504761904762;12379
1731;613.605714285714;12172
1732;613.706666666667;12270
1733;613.807619047619;12496
1734;613.908571428571;12230
1735;614.009523809524;12223
1736;614.110476190476;12076
1737;614.211428571429;12189
1738;614.312380952381;11748
1739;614.413333333333;12233
1740;614.514285714286;11873
1741;614.615238095238;12200
1742;614.71619047619;12052
1743;614.817142857143;11756
1744;614.918095238095;11836
1745;615.019047619048;11758
1746;615.12;11720
1747;615.220952380952;11748
1748;615.321904761905;11750
1749;615.422857142857;11900
1750;615.52380952381;11877
1751;615.624761904762;11770
1752;615.725714285714;11852
1753;615.826666666667;11567
1754;615.927619047619;11840
1755;616.028571428571;11532
1756;616.129523809524;11509
1757;616.230476190476;11586
1758;616.331428571429;11459
1759;616.432380952381;11572
1760;616.533333333333;11624
1761;616.634285714286;11454
1762;616.735238095238;11359
1763;616.83619047619;11431
1764;616.937142857143;11278
1765;617.038095238095;11354
1766;617.139047619048;11283
1767;617.24;11421
1768;617.340952380952;11235
1769;617.441904761905;11071
1770;617.542857142857;11091
1771;617.64380952381;11243
1772;617.744761904762;11154
1773;617.845714285714;10975
1774;617.946666666667;10991
1775;618.047619047619;11225
1776;618.148571428571;10969
1777;618.249523809524;10883
1778;618.350476190476;11037
1779;618.451428571429;10825
1780;618.552380952381;10972
1781;618.653333333333;10918
1782;618.754285714286;10989
1783;618.855238095238;10894
1784;618.95619047619;10660
1785;619.057142857143;10800
1786;619.158095238095;10919
1787;619.259047619048;10726
1788;619.36;10547
1789;619.460952380952;10648
1790;619.561904761905;10550
1791;619.662857142857;10595
1792;619.76380952381;10581
1793;619.864761904762;10599
1794;619.965714285714;10474
1795;620.066666666667;10591
1796;620.167619047619;10227
1797;620.268571428571;10468
1798;620.369523809524;10365
1799;620.470476190476;10095
1800;620.571428571429;10227
1801;620.672380952381;10179
1802;620.773333333333;10132
1803;620.874285714286;10144
1804;620.975238095238;10035
1805;621.07619047619;10161
1806;621.177142857143;10153
1807;621.278095238095;9914
1808;621.379047619048;10162
1809;621.48;10121
1810;621.580952380952;9932
1811;621.681904761905;9984
1812;621.782857142857;9819
1813;621.88380952381;9675
1814;621.984761904762;9734
1815;622.085714285714;9642
1816;622.186666666667;9846
1817;622.287619047619;9701
1818;622.388571428571;9707
1819;622.489523809524;9853
1820;622.590476190476;9697
1821;622.691428571429;9579
1822;622.792380952381;9744
1823;622.893333333333;9525
1824;622.994285714286;9616
1825;623.095238095238;9636
1826;623.19619047619;9383
1827;623.297142857143;9194
1828;623.398095238095;9426
1829;623.499047619048;9630
1830;623.6;9704
1831;623.700952380952;9239
1832;623.801904761905;9317
1833;623.902857142857;9161
1834;624.00380952381;9253
1835;624.104761904762;9224
1836;624.205714285714;9441
1837;624.306666666667;9382
1838;624.407619047619;9330
1839;624.508571428571;9116
1840;624.609523809524;9358
1841;624.710476190476;9164
1842;624.811428571429;9051
1843;624.912380952381;8919
1844;625.013333333333;8786
1845;625.114285714286;8795
1846;625.215238095238;9048
1847;625.31619047619;8783
1848;625.417142857143;8729
1849;625.518095238095;8921
1850;625.619047619048;8929
1851;625.72;8798
1852;625.820952380952;8941
1853;625.921904761905;8874
1854;626.022857142857;8504
1855;626.12380952381;8450
1856;626.224761904762;8673
1857;626.325714285714;8602
1858;626.426666666667;8703
1859;626.527619047619;8620
1860;626.628571428571;8821
1861;626.729523809524;8602
1862;626.830476190476;8439
1863;626.931428571429;8613
1864;627.032380952381;8404
1865;627.133333333333;8490
1866;627.234285714286;8385
1867;627.335238095238;8443
1868;627.43619047619;8300
1869;627.537142857143;8430
1870;627.638095238095;8261
1871;627.739047619048;8218
1872;627.84;8305
1873;627.940952380952;8052
1874;628.041904761905;8039
1875;628.142857142857;8124
1876;628.243809523809;8213
1877;628.344761904762;8040
1878;628.445714285714;8112
1879;628.546666666667;8129
1880;628.647619047619;7938
1881;628.748571428571;8022
1882;628.849523809524;7852
1883;628.950476190476;7978
1884;629.051428571429;8036
1885;629.152380952381;8083
1886;629.253333333333;7941
1887;629.354285714286;7982
1888;629.455238095238;8075
1889;629.55619047619;8056
1890;629.657142857143;7897
1891;629.758095238095;7764
1892;629.859047619048;7793
1893;629.96;7741
1894;630.060952380952;7408
1895;630.161904761905;7850
1896;630.262857142857;7630
1897;630.363809523809;7486
1898;630.464761904762;7518
1899;630.565714285714;7644
1900;630.666666666667;7479
1901;630.767619047619;7443
1902;630.868571428571;7341
1903;630.969523809524;7489
1904;631.070476190476;7694
1905;631.171428571429;7555
1906;631.272380952381;7513
1907;631.373333333333;7184
1908;631.474285714286;7280
1909;631.575238095238;7277
1910;631.67619047619;7367
1911;631.777142857143;7198
1912;631.878095238095;7628
1913;631.979047619048;7256
1914;632.08;7374
1915;632.180952380952;7147
1916;632.281904761905;7123
1917;632.382857142857;7060
1918;632.483809523809;6952
1919;632.584761904762;7113
1920;632.685714285714;7019
1921;632.786666666667;7029
1922;632.887619047619;6990
1923;632.988571428571;7014
1924;633.089523809524;7178
1925;633.190476190476;6973
1926;633.291428571429;6514
1927;633.392380952381;6709
1928;633.493333333333;6759
1929;633.594285714286;6889
1930;633.695238095238;6976
1931;633.79619047619;6731
1932;633.897142857143;6712
1933;633.998095238095;6853
1934;634.099047619048;6558
1935;634.2;6820
1936;634.300952380952;6675
1937;634.401904761905;6708
1938;634.502857142857;6712
1939;634.603809523809;6617
1940;634.704761904762;6700
1941;634.805714285714;6509
1942;634.906666666667;6652
1943;635.007619047619;6590
1944;635.108571428571;6768
1945;635.209523809524;6406
1946;635.310476190476;6396
1947;635.411428571429;6460
1948;635.512380952381;6431
1949;635.613333333333;6480
1950;635.714285714286;6397
1951;635.815238095238;6264
1952;635.91619047619;6038
1953;636.017142857143;6439
1954;636.118095238095;6270
1955;636.219047619048;6210
1956;636.32;6234
1957;636.420952380952;6451
1958;636.521904761905;6349
1959;636.622857142857;6185
1960;636.723809523809;6119
1961;636.824761904762;6209
1962;636.925714285714;6067
1963;637.026666666667;6066
1964;637.127619047619;5902
1965;637.228571428571;6101
1966;637.329523809524;6054
1967;637.430476190476;5945
1968;637.531428571429;5941
1969;637.632380952381;5987
1970;637.733333333333;5918
1971;637.834285714286;5807
1972;637.935238095238;5882
1973;638.03619047619;5852
1974;638.137142857143;6001
1975;638.238095238095;5865
1976;638.339047619048;5825
1977;638.44;5835
1978;638.540952380952;5666
1979;638.641904761905;5910
1980;638.742857142857;5856
1981;638.843809523809;5516
1982;638.944761904762;5843
1983;639.045714285714;5727
1984;639.146666666667;5745
1985;639.247619047619;5630
1986;639.348571428571;5540
1987;639.449523809524;5657
1988;639.550476190476;5651
1989;639.651428571428;5516
1990;639.752380952381;5459
1991;639.853333333333;5502
1992;639.954285714286;5408
1993;640.055238095238;5537
1994;640.15619047619;5422
1995;640.257142857143;5541
1996;640.358095238095;5285
1997;640.459047619048;5536
1998;640.56;5498
1999;640.660952380952;5201
2000;640.761904761905;5472
2001;640.862857142857;5400
2002;640.963809523809;5408
2003;641.064761904762;5457
2004;641.165714285714;5310
2005;641.266666666667;5200
2006;641.367619047619;5314
2007;641.468571428571;5366
2008;641.569523809524;5204
2009;641.670476190476;5099
2010;641.771428571428;5110
2011;641.872380952381;4939
2012;641.973333333333;5053
2013;642.074285714286;5186
2014;642.175238095238;5195
2015;642.27619047619;5149
2016;642.377142857143;4991
2017;642.478095238095;4974
2018;642.579047619048;5047
2019;642.68;5017
2020;642.780952380952;5052
2021;642.881904761905;4979
2022;642.982857142857;5131
2023;643.083809523809;5101
2024;643.184761904762;5010
2025;643.285714285714;5054
2026;643.386666666667;5085
2027;643.487619047619;4955
2028;643.588571428571;4896
2029;643.689523809524;4811
2030;643.790476190476;4751
2031;643.891428571428;4698
2032;643.992380952381;4939
2033;644.093333333333;4876
2034;644.194285714286;4901
2035;644.295238095238;4811
2036;644.39619047619;4867
2037;644.497142857143;4967
2038;644.598095238095;4646
2039;644.699047619048;4798
2040;644.8;4657
2041;644.900952380952;4529
2042;645.001904761905;4561
2043;645.102857142857;4483
2044;645.203809523809;4621
2045;645.304761904762;4502
2046;645.405714285714;4546
2047;645.506666666667;4634

