0;438.857142857143;3646
1;438.958095238095;3872
2;439.059047619048;3885
3;439.16;3607
4;439.260952380952;3805
5;439.361904761905;3857
6;439.462857142857;3948
7;439.563809523809;3962
8;439.664761904762;4103
9;439.765714285714;3946
10;439.866666666667;4046
11;439.967619047619;4178
12;440.068571428571;4295
13;440.169523809524;4365
14;440.270476190476;4437
15;440.371428571429;4431
16;440.472380952381;4513
17;440.573333333333;4505
18;440.674285714286;4508
19;440.775238095238;4536
20;440.87619047619;4473
21;440.977142857143;4584
22;441.078095238095;4918
23;441.179047619048;4728
24;441.28;4880
25;441.380952380952;4906
26;441.481904761905;5038
27;441.582857142857;4859
28;441.683809523809;4932
29;441.784761904762;5016
30;441.885714285714;5081
31;441.986666666667;5157
32;442.087619047619;5291
33;442.188571428571;5306
34;442.289523809524;5482
35;442.390476190476;5348
36;442.491428571429;5520
37;442.592380952381;5519
38;442.693333333333;5571
39;442.794285714286;5775
40;442.895238095238;5724
41;442.99619047619;5666
42;443.097142857143;5835
43;443.198095238095;6003
44;443.299047619048;6225
45;443.4;6002
46;443.500952380952;5991
47;443.601904761905;5975
48;443.702857142857;6357
49;443.803809523809;6392
50;443.904761904762;6149
51;444.005714285714;6465
52;444.106666666667;6501
53;444.207619047619;6586
54;444.308571428571;6520
55;444.409523809524;6880
56;444.510476190476;6508
57;444.611428571429;6948
58;444.712380952381;7021
59;444.813333333333;6954
60;444.914285714286;6924
61;445.015238095238;7132
62;445.11619047619;7380
63;445.217142857143;7570
64;445.318095238095;7139
65;445.419047619048;7380
66;445.52;7648
67;445.620952380952;7646
68;445.721904761905;7759
69;445.822857142857;7673
70;445.923809523809;7580
71;446.024761904762;7856
72;446.125714285714;7881
73;446.226666666667;7971
74;446.327619047619;7782
75;446.428571428571;8144
76;446.529523809524;8214
77;446.630476190476;8226
78;446.731428571429;8401
79;446.832380952381;8499
80;446.933333333333;8570
81;447.034285714286;8213
82;447.135238095238;8559
83;447.23619047619;8722
84;447.337142857143;8605
85;447.438095238095;8909
86;447.539047619048;8672
87;447.64;8855
88;447.740952380952;8829
89;447.841904761905;8942
90;447.942857142857;9060
91;448.04380952381;9046
92;448.144761904762;9405
93;448.245714285714;9448
94;448.346666666667;9267
95;448.447619047619;9680
96;448.548571428571;9673
97;448.649523809524;9550
98;448.750476190476;9858
99;448.851428571429;9583
100;448.952380952381;9954
101;449.053333333333;9834
102;449.154285714286;10019
103;449.255238095238;10039
104;449.35619047619;10059
105;449.457142857143;10195
106;449.558095238095;9943
107;449.659047619048;10169
108;449.76;10229
109;449.860952380952;10385
110;449.961904761905;10475
111;450.062857142857;10257
112;450.16380952381;10508
113;450.264761904762;10428
114;450.365714285714;10656
115;450.466666666667;10599
116;450.567619047619;10778
117;450.668571428571;10866
118;450.769523809524;10590
119;450.870476190476;10490
120;450.971428571429;10861
121;451.072380952381;10853
122;451.173333333333;10859
123;451.274285714286;11043
124;451.375238095238;11103
125;451.47619047619;10978
126;451.577142857143;10954
127;451.678095238095;11147
128;451.779047619048;11243
129;451.88;11061
130;451.980952380952;10953
131;452.081904761905;11061
132;452.182857142857;10993
133;452.28380952381;11019
134;452.384761904762;10962
135;452.485714285714;10984
136;452.586666666667;11166
137;452.687619047619;11172
138;452.788571428571;11277
139;452.889523809524;11217
140;452.990476190476;11394
141;453.091428571429;11167
142;453.192380952381;11208
143;453.293333333333;10936
144;453.394285714286;11066
145;453.495238095238;11241
146;453.59619047619;11193
147;453.697142857143;10918
148;453.798095238095;11066
149;453.899047619048;10835
150;454;10622
151;454.100952380952;10064
152;454.201904761905;10145
153;454.302857142857;10189
154;454.40380952381;10255
155;454.504761904762;10477
156;454.605714285714;10668
157;454.706666666667;10878
158;454.807619047619;10742
159;454.908571428571;10765
160;455.009523809524;10762
161;455.110476190476;10768
162;455.211428571429;10689
163;455.312380952381;10673
164;455.413333333333;10446
165;455.514285714286;10537
166;455.615238095238;10394
167;455.71619047619;10414
168;455.817142857143;10546
169;455.918095238095;10351
170;456.019047619048;10320
171;456.12;10213
172;456.220952380952;10479
173;456.321904761905;10085
174;456.422857142857;10177
175;456.52380952381;9952
176;456.624761904762;9932
177;456.725714285714;9815
178;456.826666666667;9690
179;456.927619047619;9718
180;457.028571428571;9752
181;457.129523809524;9550
182;457.230476190476;9583
183;457.331428571429;9553
184;457.432380952381;9519
185;457.533333333333;9448
186;457.634285714286;9305
187;457.735238095238;9447
188;457.83619047619;9452
189;457.937142857143;9255
190;458.038095238095;9288
191;458.139047619048;9054
192;458.24;8973
193;458.340952380952;8976
194;458.441904761905;8783
195;458.542857142857;8706
196;458.64380952381;8779
197;458.744761904762;8692
198;458.845714285714;8726
199;458.946666666667;8593
200;459.047619047619;8465
201;459.148571428571;8517
202;459.249523809524;8400
203;459.350476190476;8215
204;459.451428571429;8110
205;459.552380952381;8298
206;459.653333333333;7978
207;459.754285714286;7952
208;459.855238095238;8327
209;459.95619047619;8071
210;460.057142857143;7707
211;460.158095238095;7625
212;460.259047619048;7832
213;460.36;7625
214;460.460952380952;7513
215;460.561904761905;7619
216;460.662857142857;7426
217;460.763809523809;7248
218;460.864761904762;7316
219;460.965714285714;7248
220;461.066666666667;7211
221;461.167619047619;7185
222;461.268571428571;7046
223;461.369523809524;6932
224;461.470476190476;6890
225;461.571428571429;6993
226;461.672380952381;6868
227;461.773333333333;6533
228;461.874285714286;6738
229;461.975238095238;6513
230;462.07619047619;6458
231;462.177142857143;6430
232;462.278095238095;6624
233;462.379047619048;6665
234;462.48;6056
235;462.580952380952;6221
236;462.681904761905;6379
237;462.782857142857;6232
238;462.883809523809;6276
239;462.984761904762;6122
240;463.085714285714;6156
241;463.186666666667;5893
242;463.287619047619;6072
243;463.388571428571;5874
244;463.489523809524;5773
245;463.590476190476;5680
246;463.691428571429;5748
247;463.792380952381;5564
248;463.893333333333;5563
249;463.994285714286;5500
250;464.095238095238;5636
251;464.19619047619;5542
252;464.297142857143;5476
253;464.398095238095;5447
254;464.499047619048;5374
255;464.6;5300
256;464.700952380952;5165
257;464.801904761905;5202
258;464.902857142857;4957
259;465.003809523809;5255
260;465.104761904762;4858
261;465.205714285714;4834
262;465.306666666667;4787
263;465.407619047619;4658
264;465.508571428571;4721
265;465.609523809524;4869
266;465.710476190476;4779
267;465.811428571429;4595
268;465.912380952381;4609
269;466.013333333333;4562
270;466.114285714286;4488
271;466.215238095238;4395
272;466.31619047619;4615
273;466.417142857143;4346
274;466.518095238095;4359
275;466.619047619048;4620
276;466.72;4443
277;466.820952380952;4163
278;466.921904761905;4337
279;467.022857142857;4163
280;467.123809523809;4154
281;467.224761904762;4049
282;467.325714285714;4055
283;467.426666666667;4020
284;467.527619047619;4127
285;467.628571428571;4035
286;467.729523809524;4100
287;467.830476190476;4001
288;467.931428571429;3898
289;468.032380952381;3741
290;468.133333333333;3695
291;468.234285714286;3758
292;468.335238095238;3716
293;468.43619047619;3841
294;468.537142857143;3866
295;468.638095238095;3629
296;468.739047619048;3623
297;468.84;3636
298;468.940952380952;3386
299;469.041904761905;3615
300;469.142857142857;3626
301;469.243809523809;3475
302;469.344761904762;3422
303;469.445714285714;3359
304;469.546666666667;3507
305;469.647619047619;3341
306;469.748571428571;3321
307;469.849523809524;3315
308;469.950476190476;3251
309;470.051428571429;3177
310;470.152380952381;3170
311;470.253333333333;3038
312;470.354285714286;3093
313;470.455238095238;3199
314;470.55619047619;3202
315;470.657142857143;3133
316;470.758095238095;3015
317;470.859047619048;3114
318;470.96;2837
319;471.060952380952;3001
320;471.161904761905;2680
321;471.262857142857;2935
322;471.363809523809;2953
323;471.464761904762;2730
324;471.565714285714;2894
325;471.666666666667;2642
326;471.767619047619;2727
327;471.868571428571;2772
328;471.969523809524;2709
329;472.070476190476;2743
330;472.171428571429;2521
331;472.272380952381;2539
332;472.373333333333;2582
333;472.474285714286;2402
334;472.575238095238;2531
335;472.67619047619;2558
336;472.777142857143;2463
337;472.878095238095;2507
338;472.979047619048;2299
339;473.08;2471
340;473.180952380952;2503
341;473.281904761905;2425
342;473.382857142857;2229
343;473.483809523809;2281
344;473.584761904762;2315
345;473.685714285714;2361
346;473.786666666667;1998
347;473.887619047619;2096
348;473.988571428571;2158
349;474.089523809524;2149
350;474.190476190476;2008
351;474.291428571429;2091
352;474.392380952381;2242
353;474.493333333333;2125
354;474.594285714286;2030
355;474.695238095238;1900
356;474.79619047619;2051
357;474.897142857143;2019
358;474.998095238095;1906
359;475.099047619048;2035
360;475.2;1782
361;475.300952380952;1847
362;475.401904761905;1803
363;475.502857142857;1861
364;475.60380952381;1685
365;475.704761904762;1781
366;475.805714285714;1741
367;475.906666666667;1791
368;476.007619047619;1884
369;476.108571428571;1576
370;476.209523809524;1580
371;476.310476190476;1712
372;476.411428571429;1751
373;476.512380952381;1802
374;476.613333333333;1588
375;476.714285714286;1462
376;476.815238095238;1662
377;476.91619047619;1445
378;477.017142857143;1509
379;477.118095238095;1558
380;477.219047619048;1553
381;477.32;1355
382;477.420952380952;1554
383;477.521904761905;1554
384;477.622857142857;1487
385;477.72380952381;1468
386;477.824761904762;1357
387;477.925714285714;1337
388;478.026666666667;1423
389;478.127619047619;1441
390;478.228571428571;1470
391;478.329523809524;1450
392;478.430476190476;1376
393;478.531428571429;1239
394;478.632380952381;1180
395;478.733333333333;1605
396;478.834285714286;1347
397;478.935238095238;1226
398;479.03619047619;1327
399;479.137142857143;1362
400;479.238095238095;1304
401;479.339047619048;1315
402;479.44;1215
403;479.540952380952;993
404;479.641904761905;1215
405;479.742857142857;1116
406;479.84380952381;1319
407;479.944761904762;1053
408;480.045714285714;1208
409;480.146666666667;1169
410;480.247619047619;1064
411;480.348571428571;1011
412;480.449523809524;884
413;480.550476190476;1166
414;480.651428571429;882
415;480.752380952381;1038
416;480.853333333333;809
417;480.954285714286;818
418;481.055238095238;1119
419;481.15619047619;949
420;481.257142857143;933
421;481.358095238095;1002
422;481.459047619048;881
423;481.56;895
424;481.660952380952;982
425;481.761904761905;790
426;481.862857142857;927
427;481.96380952381;856
428;482.064761904762;1025
429;482.165714285714;949
430;482.266666666667;831
431;482.367619047619;833
432;482.468571428571;886
433;482.569523809524;700
434;482.670476190476;746
435;482.771428571429;797
436;482.872380952381;742
437;482.973333333333;877
438;483.074285714286;764
439;483.175238095238;695
440;483.27619047619;806
441;483.377142857143;907
442;483.478095238095;876
443;483.579047619048;718
444;483.68;727
445;483.780952380952;793
446;483.881904761905;587
447;483.982857142857;652
448;484.08380952381;675
449;484.184761904762;589
450;484.285714285714;696
451;484.386666666667;757
452;484.487619047619;580
453;484.588571428571;535
454;484.689523809524;688
455;484.790476190476;576
456;484.891428571429;748
457;484.992380952381;612
458;485.093333333333;721
459;485.194285714286;740
460;485.295238095238;666
461;485.39619047619;770
462;485.497142857143;756
463;485.598095238095;600
464;485.699047619048;536
465;485.8;583
466;485.900952380952;515
467;486.001904761905;698
468;486.102857142857;506
469;486.203809523809;528
470;486.304761904762;753
471;486.405714285714;717
472;486.506666666667;639
473;486.607619047619;501
474;486.708571428571;550
475;486.809523809524;380
476;486.910476190476;422
477;487.011428571429;543
478;487.112380952381;428
479;487.213333333333;531
480;487.314285714286;494
481;487.415238095238;579
482;487.51619047619;521
483;487.617142857143;404
484;487.718095238095;679
485;487.819047619048;693
486;487.92;481
487;488.020952380952;516
488;488.121904761905;464
489;488.222857142857;517
490;488.323809523809;594
491;488.424761904762;372
492;488.525714285714;436
493;488.626666666667;408
494;488.727619047619;416
495;488.828571428571;499
496;488.929523809524;484
497;489.030476190476;356
498;489.131428571429;496
499;489.232380952381;266
500;489.333333333333;299
501;489.434285714286;454
502;489.535238095238;242
503;489.63619047619;292
504;489.737142857143;477
505;489.838095238095;477
506;489.939047619048;267
507;490.04;507
508;490.140952380952;526
509;490.241904761905;360
510;490.342857142857;466
511;490.443809523809;379
512;490.544761904762;345
513;490.645714285714;539
514;490.746666666667;370
515;490.847619047619;133
516;490.948571428571;339
517;491.049523809524;200
518;491.150476190476;471
519;491.251428571429;331
520;491.352380952381;228
521;491.453333333333;429
522;491.554285714286;432
523;491.655238095238;393
524;491.75619047619;383
525;491.857142857143;372
526;491.958095238095;404
527;492.059047619048;548
528;492.16;356
529;492.260952380952;329
530;492.361904761905;168
531;492.462857142857;228
532;492.563809523809;274
533;492.664761904762;350
534;492.765714285714;362
535;492.866666666667;318
536;492.967619047619;226
537;493.068571428571;367
538;493.169523809524;119
539;493.270476190476;345
540;493.371428571429;157
541;493.472380952381;339
542;493.573333333333;419
543;493.674285714286;409
544;493.775238095238;272
545;493.87619047619;354
546;493.977142857143;361
547;494.078095238095;363
548;494.179047619048;246
549;494.28;388
550;494.380952380952;223
551;494.481904761905;162
552;494.582857142857;299
553;494.683809523809;211
554;494.784761904762;400
555;494.885714285714;121
556;494.986666666667;337
557;495.087619047619;271
558;495.188571428571;315
559;495.289523809524;198
560;495.390476190476;454
561;495.491428571429;224
562;495.592380952381;349
563;495.693333333333;291
564;495.794285714286;249
565;495.895238095238;123
566;495.99619047619;376
567;496.097142857143;142
568;496.198095238095;287
569;496.299047619048;216
570;496.4;0
571;496.500952380952;178
572;496.601904761905;131
573;496.702857142857;223
574;496.803809523809;244
575;496.904761904762;251
576;497.005714285714;385
577;497.106666666667;269
578;497.207619047619;237
579;497.308571428571;140
580;497.409523809524;309
581;497.510476190476;104
582;497.611428571429;114
583;497.712380952381;224
584;497.813333333333;240
585;497.914285714286;226
586;498.015238095238;198
587;498.11619047619;261
588;498.217142857143;388
589;498.318095238095;192
590;498.419047619048;263
591;498.52;379
592;498.620952380952;234
593;498.721904761905;170
594;498.822857142857;224
595;498.923809523809;179
596;499.024761904762;193
597;499.125714285714;267
598;499.226666666667;241
599;499.327619047619;290
600;499.428571428571;161
601;499.529523809524;170
602;499.630476190476;239
603;499.731428571429;174
604;499.832380952381;261
605;499.933333333333;286
606;500.034285714286;371
607;500.135238095238;143
608;500.23619047619;357
609;500.337142857143;250
610;500.438095238095;261
611;500.539047619048;253
612;500.64;349
613;500.740952380952;148
614;500.841904761905;141
615;500.942857142857;166
616;501.04380952381;308
617;501.144761904762;162
618;501.245714285714;144
619;501.346666666667;308
620;501.447619047619;89
621;501.548571428571;120
622;501.649523809524;89
623;501.750476190476;300
624;501.851428571429;458
625;501.952380952381;124
626;502.053333333333;304
627;502.154285714286;74
628;502.255238095238;94
629;502.35619047619;85
630;502.457142857143;180
631;502.558095238095;222
632;502.659047619048;101
633;502.76;211
634;502.860952380952;140
635;502.961904761905;102
636;503.062857142857;223
637;503.16380952381;104
638;503.264761904762;223
639;503.365714285714;312
640;503.466666666667;269
641;503.567619047619;127
642;503.668571428571;156
643;503.769523809524;127
644;503.870476190476;154
645;503.971428571429;110
646;504.072380952381;157
647;504.173333333333;246
648;504.274285714286;79
649;504.375238095238;187
650;504.47619047619;229
651;504.577142857143;226
652;504.678095238095;393
653;504.779047619048;107
654;504.88;227
655;504.980952380952;92
656;505.081904761905;325
657;505.182857142857;428
658;505.28380952381;175
659;505.384761904762;295
660;505.485714285714;218
661;505.586666666667;64
662;505.687619047619;350
663;505.788571428571;215
664;505.889523809524;363
665;505.990476190476;329
666;506.091428571429;310
667;506.192380952381;345
668;506.293333333333;257
669;506.394285714286;227
670;506.495238095238;242
671;506.59619047619;165
672;506.697142857143;152
673;506.798095238095;342
674;506.899047619048;301
675;507;321
676;507.100952380952;290
677;507.201904761905;206
678;507.302857142857;385
679;507.40380952381;156
680;507.504761904762;320
681;507.605714285714;173
682;507.706666666667;141
683;507.807619047619;224
684;507.908571428571;214
685;508.009523809524;194
686;508.110476190476;236
687;508.211428571429;144
688;508.312380952381;318
689;508.413333333333;185
690;508.514285714286;191
691;508.615238095238;170
692;508.71619047619;92
693;508.817142857143;355
694;508.918095238095;300
695;509.019047619048;111
696;509.12;347
697;509.220952380952;186
698;509.321904761905;195
699;509.422857142857;148
700;509.52380952381;283
701;509.624761904762;165
702;509.725714285714;357
703;509.826666666667;171
704;509.927619047619;206
705;510.028571428571;139
706;510.129523809524;200
707;510.230476190476;156
708;510.331428571429;151
709;510.432380952381;169
710;510.533333333333;151
711;510.634285714286;354
712;510.735238095238;272
713;510.83619047619;351
714;510.937142857143;194
715;511.038095238095;239
716;511.139047619048;149
717;511.24;160
718;511.340952380952;207
719;511.441904761905;313
720;511.542857142857;363
721;511.64380952381;380
722;511.744761904762;342
723;511.845714285714;377
724;511.946666666667;174
725;512.047619047619;207
726;512.148571428571;328
727;512.249523809524;245
728;512.350476190476;208
729;512.451428571429;333
730;512.552380952381;339
731;512.653333333333;310
732;512.754285714286;380
733;512.855238095238;138
734;512.956190476191;258
735;513.057142857143;211
736;513.158095238095;387
737;513.259047619048;220
738;513.36;417
739;513.460952380952;365
740;513.561904761905;403
741;513.662857142857;283
742;513.76380952381;304
743;513.864761904762;168
744;513.965714285714;372
745;514.066666666667;245
746;514.167619047619;257
747;514.268571428571;338
748;514.369523809524;254
749;514.470476190476;360
750;514.571428571429;0
751;514.672380952381;270
752;514.773333333333;401
753;514.874285714286;305
754;514.975238095238;138
755;515.07619047619;282
756;515.177142857143;331
757;515.278095238095;272
758;515.379047619048;242
759;515.48;549
760;515.580952380952;325
761;515.681904761905;449
762;515.782857142857;308
763;515.88380952381;277
764;515.984761904762;158
765;516.085714285714;360
766;516.186666666667;408
767;516.287619047619;322
768;516.388571428571;402
769;516.489523809524;249
770;516.590476190476;352
771;516.691428571429;218
772;516.792380952381;193
773;516.893333333333;71
774;516.994285714286;386
775;517.095238095238;457
776;517.19619047619;199
777;517.297142857143;300
778;517.398095238095;149
779;517.499047619048;469
780;517.6;391
781;517.700952380952;457
782;517.801904761905;342
783;517.902857142857;272
784;518.00380952381;386
785;518.104761904762;303
786;518.205714285714;336
787;518.306666666667;203
788;518.407619047619;410
789;518.508571428571;291
790;518.609523809524;365
791;518.710476190476;242
792;518.811428571429;217
793;518.912380952381;263
794;519.013333333333;363
795;519.114285714286;448
796;519.215238095238;407
797;519.31619047619;428
798;519.417142857143;299
799;519.518095238095;369
800;519.619047619048;332
801;519.72;249
802;519.820952380952;220
803;519.921904761905;427
804;520.022857142857;216
805;520.12380952381;352
806;520.224761904762;356
807;520.325714285714;458
808;520.426666666667;355
809;520.527619047619;366
810;520.628571428571;394
811;520.729523809524;392
812;520.830476190476;369
813;520.931428571429;327
814;521.032380952381;241
815;521.133333333333;333
816;521.234285714286;358
817;521.335238095238;322
818;521.43619047619;299
819;521.537142857143;176
820;521.638095238095;244
821;521.739047619048;373
822;521.84;315
823;521.940952380952;441
824;522.041904761905;470
825;522.142857142857;272
826;522.24380952381;294
827;522.344761904762;319
828;522.445714285714;379
829;522.546666666667;381
830;522.647619047619;506
831;522.748571428571;477
832;522.849523809524;311
833;522.950476190476;424
834;523.051428571429;320
835;523.152380952381;358
836;523.253333333333;366
837;523.354285714286;331
838;523.455238095238;382
839;523.55619047619;228
840;523.657142857143;481
841;523.758095238095;524
842;523.859047619048;273
843;523.96;365
844;524.060952380952;352
845;524.161904761905;310
846;524.262857142857;356
847;524.36380952381;276
848;524.464761904762;528
849;524.565714285714;554
850;524.666666666667;497
851;524.767619047619;392
852;524.868571428571;472
853;524.969523809524;526
854;525.070476190476;451
855;525.171428571429;323
856;525.272380952381;418
857;525.373333333333;549
858;525.474285714286;501
859;525.575238095238;352
860;525.67619047619;556
861;525.777142857143;409
862;525.878095238095;541
863;525.979047619048;368
864;526.08;526
865;526.180952380952;519
866;526.281904761905;618
867;526.382857142857;396
868;526.483809523809;398
869;526.584761904762;391
870;526.685714285714;477
871;526.786666666667;469
872;526.887619047619;312
873;526.988571428571;447
874;527.089523809524;556
875;527.190476190476;410
876;527.291428571429;430
877;527.392380952381;414
878;527.493333333333;475
879;527.594285714286;312
880;527.695238095238;473
881;527.79619047619;273
882;527.897142857143;374
883;527.998095238095;507
884;528.099047619048;386
885;528.2;524
886;528.300952380952;516
887;528.401904761905;505
888;528.502857142857;417
889;528.603809523809;505
890;528.704761904762;454
891;528.805714285714;418
892;528.906666666667;478
893;529.007619047619;548
894;529.108571428571;516
895;529.209523809524;596
896;529.310476190476;435
897;529.411428571429;525
898;529.512380952381;458
899;529.613333333333;398
900;529.714285714286;542
901;529.815238095238;357
902;529.91619047619;478
903;530.017142857143;525
904;530.118095238095;667
905;530.219047619048;241
906;530.32;648
907;530.420952380952;588
908;530.521904761905;472
909;530.622857142857;460
910;530.723809523809;640
911;530.824761904762;422
912;530.925714285714;520
913;531.026666666667;412
914;531.127619047619;480
915;531.228571428571;541
916;531.329523809524;413
917;531.430476190476;384
918;531.531428571429;549
919;531.632380952381;566
920;531.733333333333;528
921;531.834285714286;586
922;531.935238095238;512
923;532.03619047619;671
924;532.137142857143;491
925;532.238095238095;668
926;532.339047619048;643
927;532.44;580
928;532.540952380952;522
929;532.641904761905;503
930;532.742857142857;622
931;532.843809523809;515
932;532.944761904762;508
933;533.045714285714;649
934;533.146666666667;671
935;533.247619047619;537
936;533.348571428571;529
937;533.449523809524;642
938;533.550476190476;638
939;533.651428571429;587
940;533.752380952381;831
941;533.853333333333;484
942;533.954285714286;671
943;534.055238095238;509
944;534.15619047619;587
945;534.257142857143;515
946;534.358095238095;710
947;534.459047619048;503
948;534.56;520
949;534.660952380952;692
950;534.761904761905;657
951;534.862857142857;603
952;534.963809523809;777
953;535.064761904762;781
954;535.165714285714;772
955;535.266666666667;697
956;535.367619047619;735
957;535.468571428571;710
958;535.569523809524;751
959;535.670476190476;753
960;535.771428571428;528
961;535.872380952381;621
962;535.973333333333;623
963;536.074285714286;701
964;536.175238095238;733
965;536.27619047619;708
966;536.377142857143;686
967;536.478095238095;775
968;536.579047619048;676
969;536.68;845
970;536.780952380952;704
971;536.881904761905;799
972;536.982857142857;725
973;537.083809523809;744
974;537.184761904762;706
975;537.285714285714;739
976;537.386666666667;740
977;537.487619047619;794
978;537.588571428571;889
979;537.689523809524;789
980;537.790476190476;568
981;537.891428571428;622
982;537.992380952381;797
983;538.093333333333;633
984;538.194285714286;802
985;538.295238095238;806
986;538.39619047619;793
987;538.497142857143;824
988;538.598095238095;864
989;538.699047619048;723
990;538.8;879
991;538.900952380952;824
992;539.001904761905;911
993;539.102857142857;870
994;539.203809523809;739
995;539.304761904762;907
996;539.405714285714;912
997;539.506666666667;854
998;539.607619047619;901
999;539.708571428571;920
1000;539.809523809524;841
1001;539.910476190476;949
1002;540.011428571428;976
1003;540.112380952381;887
1004;540.213333333333;975
1005;540.314285714286;770
1006;540.415238095238;863
1007;540.51619047619;1056
1008;540.617142857143;903
1009;540.718095238095;1005
1010;540.819047619048;1125
1011;540.92;905
1012;541.020952380952;1116
1013;541.121904761905;911
1014;541.222857142857;1012
1015;541.323809523809;922
1016;541.424761904762;1017
1017;541.525714285714;1136
1018;541.626666666667;813
1019;541.727619047619;1050
1020;541.828571428571;1009
1021;541.929523809524;1040
1022;542.030476190476;964
1023;542.131428571429;898
1024;542.232380952381;1065
1025;542.333333333333;989
1026;542.434285714286;1026
1027;542.535238095238;1208
1028;542.63619047619;1083
1029;542.737142857143;1142
1030;542.838095238095;1234
1031;542.939047619048;1189
1032;543.04;1214
1033;543.140952380952;1081
1034;543.241904761905;1202
1035;543.342857142857;1109
1036;543.443809523809;1106
1037;543.544761904762;1153
1038;543.645714285714;1172
1039;543.746666666667;1159
1040;543.847619047619;1438
1041;543.948571428571;1101
1042;544.049523809524;1160
1043;544.150476190476;1194
1044;544.251428571429;1269
1045;544.352380952381;1318
1046;544.453333333333;1373
1047;544.554285714286;1226
1048;544.655238095238;1179
1049;544.75619047619;1142
1050;544.857142857143;1293
1051;544.958095238095;1313
1052;545.059047619048;1145
1053;545.16;1349
1054;545.260952380952;1257
1055;545.361904761905;1292
1056;545.462857142857;1411
1057;545.563809523809;1384
1058;545.664761904762;1507
1059;545.765714285714;1420
1060;545.866666666667;1378
1061;545.967619047619;1498
1062;546.068571428571;1398
1063;546.169523809524;1458
1064;546.270476190476;1478
1065;546.371428571429;1541
1066;546.472380952381;1491
1067;546.573333333333;1537
1068;546.674285714286;1483
1069;546.775238095238;1589
1070;546.87619047619;1498
1071;546.977142857143;1619
1072;547.078095238095;1547
1073;547.179047619048;1377
1074;547.28;1644
1075;547.380952380952;1711
1076;547.481904761905;1591
1077;547.582857142857;1562
1078;547.683809523809;1578
1079;547.784761904762;1638
1080;547.885714285714;1617
1081;547.986666666667;1567
1082;548.087619047619;1727
1083;548.188571428571;1803
1084;548.289523809524;1695
1085;548.390476190476;1770
1086;548.491428571429;1896
1087;548.592380952381;1664
1088;548.693333333333;1774
1089;548.794285714286;1714
1090;548.895238095238;1613
1091;548.99619047619;1766
1092;549.097142857143;1792
1093;549.198095238095;1847
1094;549.299047619048;1762
1095;549.4;1876
1096;549.500952380952;1979
1097;549.601904761905;1917
1098;549.702857142857;1894
1099;549.803809523809;1903
1100;549.904761904762;1854
1101;550.005714285714;1982
1102;550.106666666667;1934
1103;550.207619047619;2030
1104;550.308571428571;2075
1105;550.409523809524;2173
1106;550.510476190476;2082
1107;550.611428571429;2129
1108;550.712380952381;2135
1109;550.813333333333;2056
1110;550.914285714286;2046
1111;551.015238095238;2100
1112;551.11619047619;2074
1113;551.217142857143;2097
1114;551.318095238095;2198
1115;551.419047619048;2232
1116;551.52;2276
1117;551.620952380952;2179
1118;551.721904761905;2188
1119;551.822857142857;2260
1120;551.923809523809;2398
1121;552.024761904762;2178
1122;552.125714285714;2351
1123;552.226666666667;2340
1124;552.327619047619;2400
1125;552.428571428571;2363
1126;552.529523809524;2409
1127;552.630476190476;2436
1128;552.731428571429;2571
1129;552.832380952381;2420
1130;552.933333333333;2389
1131;553.034285714286;2488
1132;553.135238095238;2536
1133;553.23619047619;2558
1134;553.337142857143;2614
1135;553.438095238095;2556
1136;553.539047619048;2478
1137;553.64;2700
1138;553.740952380952;2607
1139;553.841904761905;2625
1140;553.942857142857;2720
1141;554.04380952381;2673
1142;554.144761904762;2810
1143;554.245714285714;2734
1144;554.346666666667;2722
1145;554.447619047619;2821
1146;554.548571428571;2822
1147;554.649523809524;2881
1148;554.750476190476;2977
1149;554.851428571429;2911
1150;554.952380952381;2938
1151;555.053333333333;2967
1152;555.154285714286;3088
1153;555.255238095238;3007
1154;555.35619047619;3036
1155;555.457142857143;3142
1156;555.558095238095;3188
1157;555.659047619048;3088
1158;555.76;3101
1159;555.860952380952;3080
1160;555.961904761905;3113
1161;556.062857142857;3224
1162;556.16380952381;3133
1163;556.264761904762;3214
1164;556.365714285714;3232
1165;556.466666666667;3172
1166;556.567619047619;3221
1167;556.668571428571;3224
1168;556.769523809524;3348
1169;556.870476190476;3284
1170;556.971428571429;3425
1171;557.072380952381;3371
1172;557.173333333333;3458
1173;557.274285714286;3333
1174;557.375238095238;3511
1175;557.47619047619;3479
1176;557.577142857143;3519
1177;557.678095238095;3599
1178;557.779047619048;3728
1179;557.88;3816
1180;557.980952380952;3598
1181;558.081904761905;3663
1182;558.182857142857;3697
1183;558.28380952381;3702
1184;558.384761904762;3698
1185;558.485714285714;3752
1186;558.586666666667;3882
1187;558.687619047619;3734
1188;558.788571428571;3843
1189;558.889523809524;3793
1190;558.990476190476;3986
1191;559.091428571429;3969
1192;559.192380952381;3998
1193;559.293333333333;3837
1194;559.394285714286;4028
1195;559.495238095238;4086
1196;559.59619047619;4274
1197;559.697142857143;4017
1198;559.798095238095;4137
1199;559.899047619048;4130
1200;560;4286
1201;560.100952380952;4279
1202;560.201904761905;4323
1203;560.302857142857;4221
1204;560.40380952381;4493
1205;560.504761904762;4469
1206;560.605714285714;4414
1207;560.706666666667;4526
1208;560.807619047619;4491
1209;560.908571428571;4622
1210;561.009523809524;4530
1211;561.110476190476;4603
1212;561.211428571429;4561
1213;561.312380952381;4673
1214;561.413333333333;4663
1215;561.514285714286;4699
1216;561.615238095238;4789
1217;561.71619047619;4718
1218;561.817142857143;4786
1219;561.918095238095;4815
1220;562.019047619048;4834
1221;562.12;4864
1222;562.220952380952;4901
1223;562.321904761905;4954
1224;562.422857142857;5051
1225;562.52380952381;4967
1226;562.624761904762;5012
1227;562.725714285714;5130
1228;562.826666666667;5085
1229;562.927619047619;5174
1230;563.028571428571;5260
1231;563.129523809524;5200
1232;563.230476190476;5342
1233;563.331428571429;5330
1234;563.432380952381;5288
1235;563.533333333333;5348
1236;563.634285714286;5520
1237;563.735238095238;5473
1238;563.83619047619;5371
1239;563.937142857143;5452
1240;564.038095238095;5535
1241;564.139047619048;5506
1242;564.24;5667
1243;564.340952380952;5591
1244;564.441904761905;5654
1245;564.542857142857;5636
1246;564.64380952381;5955
1247;564.744761904762;5892
1248;564.845714285714;5820
1249;564.946666666667;6013
1250;565.047619047619;5954
1251;565.148571428571;5989
1252;565.249523809524;5888
1253;565.350476190476;6272
1254;565.451428571429;5948
1255;565.552380952381;6154
1256;565.653333333333;6200
1257;565.754285714286;6360
1258;565.855238095238;6202
1259;565.956190476191;6333
1260;566.057142857143;6317
1261;566.158095238095;6300
1262;566.259047619048;6429
1263;566.36;6273
1264;566.460952380952;6361
1265;566.561904761905;6504
1266;566.662857142857;6380
1267;566.76380952381;6435
1268;566.864761904762;6522
1269;566.965714285714;6666
1270;567.066666666667;6806
1271;567.167619047619;6660
1272;567.268571428571;6724
1273;567.369523809524;6813
1274;567.470476190476;6777
1275;567.571428571429;6829
1276;567.672380952381;6854
1277;567.773333333333;6911
1278;567.874285714286;6853
1279;567.975238095238;6925
1280;568.07619047619;7052
1281;568.177142857143;7175
1282;568.278095238095;7281
1283;568.379047619048;7338
1284;568.48;7424
1285;568.580952380952;7374
1286;568.681904761905;7503
1287;568.782857142857;7462
1288;568.88380952381;7405
1289;568.984761904762;7524
1290;569.085714285714;7595
1291;569.186666666667;7470
1292;569.287619047619;7647
1293;569.388571428571;7494
1294;569.489523809524;7534
1295;569.590476190476;7477
1296;569.691428571429;7759
1297;569.792380952381;7849
1298;569.893333333333;7857
1299;569.994285714286;7895
1300;570.095238095238;7908
1301;570.19619047619;7993
1302;570.297142857143;8022
1303;570.398095238095;8050
1304;570.499047619048;7984
1305;570.6;8134
1306;570.700952380952;8083
1307;570.801904761905;8169
1308;570.902857142857;8013
1309;571.00380952381;8118
1310;571.104761904762;8365
1311;571.205714285714;8321
1312;571.306666666667;8437
1313;571.407619047619;8470
1314;571.508571428571;8373
1315;571.609523809524;8545
1316;571.710476190476;8769
1317;571.811428571429;8654
1318;571.912380952381;8709
1319;572.013333333333;8577
1320;572.114285714286;8752
1321;572.215238095238;8650
1322;572.31619047619;8871
1323;572.417142857143;8726
1324;572.518095238095;8853
1325;572.619047619048;8886
1326;572.72;8785
1327;572.820952380952;8888
1328;572.921904761905;8949
1329;573.022857142857;9001
1330;573.12380952381;9093
1331;573.224761904762;9037
1332;573.325714285714;9132
1333;573.426666666667;9206
1334;573.527619047619;9139
1335;573.628571428571;9168
1336;573.729523809524;9174
1337;573.830476190476;9340
1338;573.931428571429;9357
1339;574.032380952381;9364
1340;574.133333333333;9408
1341;574.234285714286;9385
1342;574.335238095238;9614
1343;574.43619047619;9525
1344;574.537142857143;9562
1345;574.638095238095;9378
1346;574.739047619048;9503
1347;574.84;9635
1348;574.940952380952;9789
1349;575.041904761905;9715
1350;575.142857142857;9635
1351;575.24380952381;9692
1352;575.344761904762;9885
1353;575.445714285714;9848
1354;575.546666666667;9849
1355;575.647619047619;9953
1356;575.748571428571;9810
1357;575.849523809524;9988
1358;575.950476190476;10028
1359;576.051428571429;10199
1360;576.152380952381;10213
1361;576.253333333333;10083
1362;576.354285714286;10224
1363;576.455238095238;10224
1364;576.55619047619;10309
1365;576.657142857143;10137
1366;576.758095238095;10313
1367;576.859047619048;10316
1368;576.96;10322
1369;577.060952380952;10250
1370;577.161904761905;10537
1371;577.262857142857;10538
1372;577.363809523809;10568
1373;577.464761904762;10633
1374;577.565714285714;10602
1375;577.666666666667;10515
1376;577.767619047619;10533
1377;577.868571428571;10610
1378;577.969523809524;10754
1379;578.070476190476;10637
1380;578.171428571429;10977
1381;578.272380952381;10757
1382;578.373333333333;10869
1383;578.474285714286;10915
1384;578.575238095238;10755
1385;578.67619047619;10789
1386;578.777142857143;10828
1387;578.878095238095;10753
1388;578.979047619048;11009
1389;579.08;10933
1390;579.180952380952;10835
1391;579.281904761905;11104
1392;579.382857142857;10975
1393;579.483809523809;11012
1394;579.584761904762;11095
1395;579.685714285714;11198
1396;579.786666666667;11064
1397;579.887619047619;11379
1398;579.988571428571;11282
1399;580.089523809524;11264
1400;580.190476190476;11369
1401;580.291428571429;11408
1402;580.392380952381;11377
1403;580.493333333333;11383
1404;580.594285714286;11308
1405;580.695238095238;11312
1406;580.79619047619;11658
1407;580.897142857143;11352
1408;580.998095238095;11553
1409;581.099047619048;11348
1410;581.2;11690
1411;581.300952380952;11625
1412;581.401904761905;11706
1413;581.502857142857;11599
1414;581.603809523809;11616
1415;581.704761904762;11605
1416;581.805714285714;11609
1417;581.906666666667;11811
1418;582.007619047619;11844
1419;582.108571428571;11834
1420;582.209523809524;11748
1421;582.310476190476;11660
1422;582.411428571429;11690
1423;582.512380952381;11770
1424;582.613333333333;11739
1425;582.714285714286;11810
1426;582.815238095238;11812
1427;582.91619047619;11891
1428;583.017142857143;11973
1429;583.118095238095;11960
1430;583.219047619048;12131
1431;583.32;11870
1432;583.420952380952;11858
1433;583.521904761905;12012
1434;583.622857142857;12034
1435;583.723809523809;12119
1436;583.824761904762;12129
1437;583.925714285714;12011
1438;584.026666666667;12140
1439;584.127619047619;12195
1440;584.228571428571;12241
1441;584.329523809524;11985
1442;584.430476190476;12259
1443;584.531428571429;12276
1444;584.632380952381;12124
1445;584.733333333333;12298
1446;584.834285714286;12255
1447;584.935238095238;12224
1448;585.03619047619;12370
1449;585.137142857143;12324
1450;585.238095238095;12335
1451;585.339047619048;12284
1452;585.44;12362
1453;585.540952380952;12281
1454;585.641904761905;12230
1455;585.742857142857;12327
1456;585.843809523809;12348
1457;585.944761904762;12423
1458;586.045714285714;12461
1459;586.146666666667;12375
1460;586.247619047619;12545
1461;586.348571428571;12318
1462;586.449523809524;12422
1463;586.550476190476;12487
1464;586.651428571428;12696
1465;586.752380952381;12533
1466;586.853333333333;12531
1467;586.954285714286;12463
1468;587.055238095238;12611
1469;587.15619047619;12600
1470;587.257142857143;12624
1471;587.358095238095;12639
1472;587.459047619048;12603
1473;587.56;12818
1474;587.660952380952;12650
1475;587.761904761905;12668
1476;587.862857142857;12670
1477;587.963809523809;12579
1478;588.064761904762;12845
1479;588.165714285714;12773
1480;588.266666666667;12684
1481;588.367619047619;12715
1482;588.468571428571;12706
1483;588.569523809524;12595
1484;588.670476190476;12773
1485;588.771428571428;12820
1486;588.872380952381;12686
1487;588.973333333333;12619
1488;589.074285714286;12840
1489;589.175238095238;12715
1490;589.27619047619;12700
1491;589.377142857143;12753
1492;589.478095238095;12847
1493;589.579047619048;12908
1494;589.68;12837
1495;589.780952380952;12594
1496;589.881904761905;12879
1497;589.982857142857;12794
1498;590.083809523809;12824
1499;590.184761904762;12787
1500;590.285714285714;12907
1501;590.386666666667;12991
1502;590.487619047619;13201
1503;590.588571428571;12898
1504;590.689523809524;13093
1505;590.790476190476;12877
1506;590.891428571428;12818
1507;590.992380952381;12834
1508;591.093333333333;13001
1509;591.194285714286;12832
1510;591.295238095238;12920
1511;591.39619047619;12837
1512;591.497142857143;12877
1513;591.598095238095;12833
1514;591.699047619048;13052
1515;591.8;12864
1516;591.900952380952;12816
1517;592.001904761905;12863
1518;592.102857142857;13035
1519;592.203809523809;13108
1520;592.304761904762;12850
1521;592.405714285714;12908
1522;592.506666666667;12892
1523;592.607619047619;12843
1524;592.708571428571;12886
1525;592.809523809524;13117
1526;592.910476190476;12788
1527;593.011428571428;12864
1528;593.112380952381;12944
1529;593.213333333333;12877
1530;593.314285714286;12794
1531;593.415238095238;12758
1532;593.51619047619;12978
1533;593.617142857143;12974
1534;593.718095238095;13143
1535;593.819047619048;12979
1536;593.92;13185
1537;594.020952380952;13007
1538;594.121904761905;12973
1539;594.222857142857;12879
1540;594.323809523809;12981
1541;594.424761904762;12856
1542;594.525714285714;12979
1543;594.626666666667;13047
1544;594.727619047619;12680
1545;594.828571428571;13075
1546;594.929523809524;12846
1547;595.030476190476;12819
1548;595.131428571429;13005
1549;595.232380952381;12862
1550;595.333333333333;12597
1551;595.434285714286;12811
1552;595.535238095238;12722
1553;595.63619047619;12850
1554;595.737142857143;13099
1555;595.838095238095;12832
1556;595.939047619048;12771
1557;596.04;13025
1558;596.140952380952;12861
1559;596.241904761905;12852
1560;596.342857142857;13068
1561;596.443809523809;12900
1562;596.544761904762;12980
1563;596.645714285714;12797
1564;596.746666666667;12834
1565;596.847619047619;12852
1566;596.948571428571;12744
1567;597.049523809524;12928
1568;597.150476190476;12693
1569;597.251428571429;12645
1570;597.352380952381;12806
1571;597.453333333333;12904
1572;597.554285714286;12848
1573;597.655238095238;12822
1574;597.75619047619;12716
1575;597.857142857143;12769
1576;597.958095238095;12938
1577;598.059047619048;12810
1578;598.16;12683
1579;598.260952380952;12932
1580;598.361904761905;12869
1581;598.462857142857;12731
1582;598.563809523809;12751
1583;598.664761904762;12739
1584;598.765714285714;12664
1585;598.866666666667;12671
1586;598.967619047619;12890
1587;599.068571428571;12584
1588;599.169523809524;12515
1589;599.270476190476;12562
1590;599.371428571429;12567
1591;599.472380952381;12563
1592;599.573333333333;12670
1593;599.674285714286;12649
1594;599.775238095238;12543
1595;599.87619047619;12616
1596;599.977142857143;12388
1597;600.078095238095;12467
1598;600.179047619048;12416
1599;600.28;12582
1600;600.380952380952;12644
1601;600.481904761905;12350
1602;600.582857142857;12509
1603;600.683809523809;12494
1604;600.784761904762;12525
1605;600.885714285714;12272
1606;600.986666666667;12325
1607;601.087619047619;12478
1608;601.188571428571;12545
1609;601.289523809524;12468
1610;601.390476190476;12392
1611;601.491428571429;12200
1612;601.592380952381;12311
1613;601.693333333333;12074
1614;601.794285714286;12208
1615;601.895238095238;12312
1616;601.99619047619;12380
1617;602.097142857143;12346
1618;602.198095238095;12147
1619;602.299047619048;12330
1620;602.4;12180
1621;602.500952380952;12202
1622;602.601904761905;12073
1623;602.702857142857;12250
1624;602.803809523809;12315
1625;602.904761904762;12194
1626;603.005714285714;12151
1627;603.106666666667;11995
1628;603.207619047619;12101
1629;603.308571428571;12041
1630;603.409523809524;12083
1631;603.510476190476;12315
1632;603.611428571429;11962
1633;603.712380952381;12151
1634;603.813333333333;12045
1635;603.914285714286;12058
1636;604.015238095238;11864
1637;604.11619047619;12049
1638;604.217142857143;12090
1639;604.318095238095;12034
1640;604.419047619048;11801
1641;604.52;12114
1642;604.620952380952;11938
1643;604.721904761905;11895
1644;604.822857142857;11761
1645;604.923809523809;11894
1646;605.024761904762;11747
1647;605.125714285714;11687
1648;605.226666666667;11911
1649;605.327619047619;11582
1650;605.428571428571;11651
1651;605.529523809524;11748
1652;605.630476190476;11720
1653;605.731428571429;11574
1654;605.832380952381;11629
1655;605.933333333333;11740
1656;606.034285714286;11580
1657;606.135238095238;11616
1658;606.23619047619;11507
1659;606.337142857143;11580
1660;606.438095238095;11760
1661;606.539047619048;11434
1662;606.64;11460
1663;606.740952380952;11484
1664;606.841904761905;11480
1665;606.942857142857;11482
1666;607.04380952381;11661
1667;607.144761904762;11472
1668;607.245714285714;11310
1669;607.346666666667;11504
1670;607.447619047619;11421
1671;607.548571428571;11531
1672;607.649523809524;11220
1673;607.750476190476;11333
1674;607.851428571429;11378
1675;607.952380952381;11149
1676;608.053333333333;11099
1677;608.154285714286;11316
1678;608.255238095238;11126
1679;608.35619047619;11213
1680;608.457142857143;11235
1681;608.558095238095;11216
1682;608.659047619048;11088
1683;608.76;11275
1684;608.860952380952;11112
1685;608.961904761905;11032
1686;609.062857142857;11098
1687;609.16380952381;10978
1688;609.264761904762;11093
1689;609.365714285714;10880
1690;609.466666666667;11068
1691;609.567619047619;10751
1692;609.668571428571;10979
1693;609.769523809524;11047
1694;609.870476190476;10908
1695;609.971428571429;10950
1696;610.072380952381;10919
1697;610.173333333333;10897
1698;610.274285714286;10820
1699;610.375238095238;11026
1700;610.47619047619;10833
1701;610.577142857143;10756
1702;610.678095238095;10659
1703;610.779047619048;10750
1704;610.88;10701
1705;610.980952380952;10774
1706;611.081904761905;10752
1707;611.182857142857;10676
1708;611.28380952381;10575
1709;611.384761904762;10538
1710;611.485714285714;10521
1711;611.586666666667;10598
1712;611.687619047619;10406
1713;611.788571428571;10524
1714;611.889523809524;10397
1715;611.990476190476;10405
1716;612.091428571429;10293
1717;612.192380952381;10275
1718;612.293333333333;10292
1719;612.394285714286;10403
1720;612.495238095238;10418
1721;612.59619047619;10311
1722;612.697142857143;10358
1723;612.798095238095;10300
1724;612.899047619048;10395
1725;613;10315
1726;613.100952380952;10351
1727;613.201904761905;10239
1728;613.302857142857;10210
1729;613.40380952381;10041
1730;613.504761904762;10207
1731;613.605714285714;10086
1732;613.706666666667;10033
1733;613.807619047619;10093
1734;613.908571428571;9916
1735;614.009523809524;9955
1736;614.110476190476;10071
1737;614.211428571429;10113
1738;614.312380952381;9987
1739;614.413333333333;9990
1740;614.514285714286;9873
1741;614.615238095238;9824
1742;614.71619047619;9837
1743;614.817142857143;9755
1744;614.918095238095;9663
1745;615.019047619048;9614
1746;615.12;9752
1747;615.220952380952;9831
1748;615.321904761905;9727
1749;615.422857142857;9892
1750;615.52380952381;9695
1751;615.624761904762;9512
1752;615.725714285714;9696
1753;615.826666666667;9680
1754;615.927619047619;9802
1755;616.028571428571;9528
1756;616.129523809524;9494
1757;616.230476190476;9592
1758;616.331428571429;9550
1759;616.432380952381;9563
1760;616.533333333333;9416
1761;616.634285714286;9381
1762;616.735238095238;9430
1763;616.83619047619;9377
1764;616.937142857143;9367
1765;617.038095238095;9338
1766;617.139047619048;9421
1767;617.24;9243
1768;617.340952380952;9167
1769;617.441904761905;9188
1770;617.542857142857;9365
1771;617.64380952381;9136
1772;617.744761904762;9336
1773;617.845714285714;9233
1774;617.946666666667;9308
1775;618.047619047619;9159
1776;618.148571428571;9062
1777;618.249523809524;9104
1778;618.350476190476;9110
1779;618.451428571429;9090
1780;618.552380952381;9022
1781;618.653333333333;8829
1782;618.754285714286;8924
1783;618.855238095238;8815
1784;618.95619047619;8903
1785;619.057142857143;8941
1786;619.158095238095;8866
1787;619.259047619048;8788
1788;619.36;8830
1789;619.460952380952;8720
1790;619.561904761905;8745
1791;619.662857142857;8625
1792;619.76380952381;8678
1793;619.864761904762;8743
1794;619.965714285714;8640
1795;620.066666666667;8642
1796;620.167619047619;8584
1797;620.268571428571;8479
1798;620.369523809524;8615
1799;620.470476190476;8396
1800;620.571428571429;8573
1801;620.672380952381;8540
1802;620.773333333333;8338
1803;620.874285714286;8307
1804;620.975238095238;8330
1805;621.07619047619;8455
1806;621.177142857143;8348
1807;621.278095238095;8387
1808;621.379047619048;8305
1809;621.48;8353
1810;621.580952380952;8293
1811;621.681904761905;8246
1812;621.782857142857;8243
1813;621.88380952381;8109
1814;621.984761904762;8214
1815;622.085714285714;8082
1816;622.186666666667;8285
1817;622.287619047619;8112
1818;622.388571428571;8003
1819;622.489523809524;8155
1820;622.590476190476;7971
1821;622.691428571429;7972
1822;622.792380952381;7890
1823;622.893333333333;7995
1824;622.994285714286;7978
1825;623.095238095238;7812
1826;623.19619047619;8018
1827;623.297142857143;7921
1828;623.398095238095;7829
1829;623.499047619048;7883
1830;623.6;7864
1831;623.700952380952;7831
1832;623.801904761905;7766
1833;623.902857142857;7639
1834;624.00380952381;7764
1835;624.104761904762;7658
1836;624.205714285714;7692
1837;624.306666666667;7797
1838;624.407619047619;7574
1839;624.508571428571;7754
1840;624.609523809524;7649
1841;624.710476190476;7504
1842;624.811428571429;7601
1843;624.912380952381;7317
1844;625.013333333333;7485
1845;625.114285714286;7330
1846;625.215238095238;7410
1847;625.31619047619;7354
1848;625.417142857143;7415
1849;625.518095238095;7373
1850;625.619047619048;7435
1851;625.72;7247
1852;625.820952380952;7283
1853;625.921904761905;7306
1854;626.022857142857;7201
1855;626.12380952381;7125
1856;626.224761904762;7285
1857;626.325714285714;7140
1858;626.426666666667;7263
1859;626.527619047619;7107
1860;626.628571428571;7036
1861;626.729523809524;7010
1862;626.830476190476;7022
1863;626.931428571429;7030
1864;627.032380952381;7085
1865;627.133333333333;7086
1866;627.234285714286;7083
1867;627.335238095238;6953
1868;627.43619047619;6963
1869;627.537142857143;7105
1870;627.638095238095;6851
1871;627.739047619048;6831
1872;627.84;6947
1873;627.940952380952;6866
1874;628.041904761905;6814
1875;628.142857142857;6849
1876;628.243809523809;6656
1877;628.344761904762;6792
1878;628.445714285714;6763
1879;628.546666666667;6715
1880;628.647619047619;6560
1881;628.748571428571;6574
1882;628.849523809524;6636
1883;628.950476190476;6587
1884;629.051428571429;6511
1885;629.152380952381;6578
1886;629.253333333333;6429
1887;629.354285714286;6700
1888;629.455238095238;6625
1889;629.55619047619;6424
1890;629.657142857143;6323
1891;629.758095238095;6490
1892;629.859047619048;6352
1893;629.96;6364
1894;630.060952380952;6388
1895;630.161904761905;6395
1896;630.262857142857;6265
1897;630.363809523809;6392
1898;630.464761904762;6222
1899;630.565714285714;6182
1900;630.666666666667;6346
1901;630.767619047619;6137
1902;630.868571428571;6228
1903;630.969523809524;6185
1904;631.070476190476;6281
1905;631.171428571429;6169
1906;631.272380952381;6101
1907;631.373333333333;6106
1908;631.474285714286;6110
1909;631.575238095238;5911
1910;631.67619047619;6051
1911;631.777142857143;6273
1912;631.878095238095;5991
1913;631.979047619048;5963
1914;632.08;6136
1915;632.180952380952;5799
1916;632.281904761905;5974
1917;632.382857142857;5825
1918;632.483809523809;5901
1919;632.584761904762;5812
1920;632.685714285714;5673
1921;632.786666666667;5829
1922;632.887619047619;5810
1923;632.988571428571;5691
1924;633.089523809524;5902
1925;633.190476190476;5851
1926;633.291428571429;5652
1927;633.392380952381;5577
1928;633.493333333333;5638
1929;633.594285714286;5617
1930;633.695238095238;5799
1931;633.79619047619;5646
1932;633.897142857143;5515
1933;633.998095238095;5651
1934;634.099047619048;5506
1935;634.2;5640
1936;634.300952380952;5463
1937;634.401904761905;5476
1938;634.502857142857;5447
1939;634.603809523809;5467
1940;634.704761904762;5432
1941;634.805714285714;5290
1942;634.906666666667;5322
1943;635.007619047619;5222
1944;635.108571428571;5342
1945;635.209523809524;5366
1946;635.310476190476;5241
1947;635.411428571429;5443
1948;635.512380952381;5223
1949;635.613333333333;5221
1950;635.714285714286;5223
1951;635.815238095238;5213
1952;635.91619047619;5158
1953;636.017142857143;5304
1954;636.118095238095;5136
1955;636.219047619048;5142
1956;636.32;5172
1957;636.420952380952;5147
1958;636.521904761905;5050
1959;636.622857142857;5026
1960;636.723809523809;5039
1961;636.824761904762;5028
1962;636.925714285714;4980
1963;637.026666666667;5143
1964;637.127619047619;5063
1965;637.228571428571;5046
1966;637.329523809524;4908
1967;637.430476190476;4924
1968;637.531428571429;4865
1969;637.632380952381;4967
1970;637.733333333333;4953
1971;637.834285714286;4798
1972;637.935238095238;4952
1973;638.03619047619;4784
1974;638.137142857143;4823
1975;638.238095238095;4857
1976;638.339047619048;4739
1977;638.44;4700
1978;638.540952380952;4848
1979;638.641904761905;4541
1980;638.742857142857;4624
1981;638.843809523809;4666
1982;638.944761904762;4796
1983;639.045714285714;4686
1984;639.146666666667;4698
1985;639.247619047619;4530
1986;639.348571428571;4603
1987;639.449523809524;4586
1988;639.550476190476;4599
1989;639.651428571428;4465
1990;639.752380952381;4647
1991;639.853333333333;4391
1992;639.954285714286;4395
1993;640.055238095238;4445
1994;640.15619047619;4447
1995;640.257142857143;4483
1996;640.358095238095;4475
1997;640.459047619048;4601
1998;640.56;4501
1999;640.660952380952;4401
2000;640.761904761905;4373
2001;640.862857142857;4284
2002;640.963809523809;4368
2003;641.064761904762;4318
2004;641.165714285714;4265
2005;641.266666666667;4350
2006;641.367619047619;4256
2007;641.468571428571;4254
2008;641.569523809524;4255
2009;641.670476190476;4240
2010;641.771428571428;4103
2011;641.872380952381;4192
2012;641.973333333333;4187
2013;642.074285714286;4272
2014;642.175238095238;4116
2015;642.27619047619;4108
2016;642.377142857143;4164
2017;642.478095238095;4112
2018;642.579047619048;4038
2019;642.68;4066
2020;642.780952380952;4262
2021;642.881904761905;4014
2022;642.982857142857;3992
2023;643.083809523809;3975
2024;643.184761904762;4119
2025;643.285714285714;4135
2026;643.386666666667;4007
2027;643.487619047619;3878
2028;643.588571428571;3962
2029;643.689523809524;3821
2030;643.790476190476;4023
2031;643.891428571428;3852
2032;643.992380952381;3943
2033;644.093333333333;3905
2034;644.194285714286;3869
2035;644.295238095238;3843
2036;644.39619047619;3820
2037;644.497142857143;3833
2038;644.598095238095;3656
2039;644.699047619048;3784
2040;644.8;3854
2041;644.900952380952;3706
2042;645.001904761905;3794
2043;645.102857142857;3796
2044;645.203809523809;3738
2045;645.304761904762;3757
2046;645.405714285714;3673
2047;645.506666666667;3655

