0;438.857142857143;3217
1;438.958095238095;3360
2;439.059047619048;3380
3;439.16;3050
4;439.260952380952;3342
5;439.361904761905;3416
6;439.462857142857;3522
7;439.563809523809;3644
8;439.664761904762;3729
9;439.765714285714;3691
10;439.866666666667;3818
11;439.967619047619;3759
12;440.068571428571;3976
13;440.169523809524;4016
14;440.270476190476;4145
15;440.371428571429;4253
16;440.472380952381;4263
17;440.573333333333;4196
18;440.674285714286;4168
19;440.775238095238;4434
20;440.87619047619;4316
21;440.977142857143;4451
22;441.078095238095;4718
23;441.179047619048;4642
24;441.28;4895
25;441.380952380952;4920
26;441.481904761905;5009
27;441.582857142857;4803
28;441.683809523809;5023
29;441.784761904762;5101
30;441.885714285714;5126
31;441.986666666667;5262
32;442.087619047619;5441
33;442.188571428571;5301
34;442.289523809524;5628
35;442.390476190476;5609
36;442.491428571429;5585
37;442.592380952381;5934
38;442.693333333333;5896
39;442.794285714286;5894
40;442.895238095238;6094
41;442.99619047619;6226
42;443.097142857143;6139
43;443.198095238095;6624
44;443.299047619048;6455
45;443.4;6353
46;443.500952380952;6583
47;443.601904761905;6657
48;443.702857142857;6932
49;443.803809523809;7207
50;443.904761904762;7004
51;444.005714285714;7223
52;444.106666666667;7354
53;444.207619047619;7326
54;444.308571428571;7431
55;444.409523809524;7788
56;444.510476190476;7693
57;444.611428571429;7851
58;444.712380952381;8191
59;444.813333333333;8193
60;444.914285714286;8310
61;445.015238095238;8368
62;445.11619047619;8647
63;445.217142857143;8661
64;445.318095238095;8546
65;445.419047619048;8873
66;445.52;9306
67;445.620952380952;9133
68;445.721904761905;9252
69;445.822857142857;9405
70;445.923809523809;9210
71;446.024761904762;9735
72;446.125714285714;9666
73;446.226666666667;9872
74;446.327619047619;9834
75;446.428571428571;10165
76;446.529523809524;10471
77;446.630476190476;10513
78;446.731428571429;10780
79;446.832380952381;10891
80;446.933333333333;10876
81;447.034285714286;11015
82;447.135238095238;11018
83;447.23619047619;11380
84;447.337142857143;11297
85;447.438095238095;11632
86;447.539047619048;11685
87;447.64;11753
88;447.740952380952;11828
89;447.841904761905;12044
90;447.942857142857;12134
91;448.04380952381;12392
92;448.144761904762;12608
93;448.245714285714;12664
94;448.346666666667;12844
95;448.447619047619;13109
96;448.548571428571;13218
97;448.649523809524;13288
98;448.750476190476;13548
99;448.851428571429;13636
100;448.952380952381;13682
101;449.053333333333;13843
102;449.154285714286;14058
103;449.255238095238;14280
104;449.35619047619;14214
105;449.457142857143;14571
106;449.558095238095;14521
107;449.659047619048;14481
108;449.76;14890
109;449.860952380952;15111
110;449.961904761905;15103
111;450.062857142857;15374
112;450.16380952381;15368
113;450.264761904762;15639
114;450.365714285714;15699
115;450.466666666667;15845
116;450.567619047619;15975
117;450.668571428571;16170
118;450.769523809524;15949
119;450.870476190476;16119
120;450.971428571429;16550
121;451.072380952381;16473
122;451.173333333333;16781
123;451.274285714286;17124
124;451.375238095238;17029
125;451.47619047619;17017
126;451.577142857143;17238
127;451.678095238095;17690
128;451.779047619048;17494
129;451.88;17488
130;451.980952380952;17466
131;452.081904761905;17565
132;452.182857142857;17833
133;452.28380952381;17795
134;452.384761904762;18040
135;452.485714285714;17895
136;452.586666666667;18458
137;452.687619047619;18362
138;452.788571428571;18535
139;452.889523809524;18302
140;452.990476190476;18587
141;453.091428571429;18623
142;453.192380952381;18747
143;453.293333333333;18535
144;453.394285714286;18849
145;453.495238095238;19153
146;453.59619047619;19015
147;453.697142857143;19123
148;453.798095238095;19017
149;453.899047619048;18664
150;454;18384
151;454.100952380952;17777
152;454.201904761905;17491
153;454.302857142857;17736
154;454.40380952381;18050
155;454.504761904762;18490
156;454.605714285714;18818
157;454.706666666667;19185
158;454.807619047619;19302
159;454.908571428571;19353
160;455.009523809524;19595
161;455.110476190476;19599
162;455.211428571429;19750
163;455.312380952381;19483
164;455.413333333333;19606
165;455.514285714286;19567
166;455.615238095238;19461
167;455.71619047619;19553
168;455.817142857143;19459
169;455.918095238095;19429
170;456.019047619048;19555
171;456.12;19360
172;456.220952380952;19856
173;456.321904761905;19223
174;456.422857142857;19380
175;456.52380952381;19263
176;456.624761904762;19680
177;456.725714285714;19222
178;456.826666666667;19133
179;456.927619047619;19296
180;457.028571428571;19139
181;457.129523809524;18924
182;457.230476190476;19305
183;457.331428571429;19138
184;457.432380952381;19024
185;457.533333333333;18939
186;457.634285714286;18806
187;457.735238095238;19362
188;457.83619047619;19133
189;457.937142857143;18988
190;458.038095238095;19135
191;458.139047619048;18815
192;458.24;18853
193;458.340952380952;18444
194;458.441904761905;18490
195;458.542857142857;18303
196;458.64380952381;18591
197;458.744761904762;18620
198;458.845714285714;18360
199;458.946666666667;18333
200;459.047619047619;18217
201;459.148571428571;18375
202;459.249523809524;18338
203;459.350476190476;18114
204;459.451428571429;18022
205;459.552380952381;18242
206;459.653333333333;17947
207;459.754285714286;17941
208;459.855238095238;17971
209;459.95619047619;17701
210;460.057142857143;17517
211;460.158095238095;17517
212;460.259047619048;17638
213;460.36;17541
214;460.460952380952;17334
215;460.561904761905;17336
216;460.662857142857;17294
217;460.763809523809;17169
218;460.864761904762;17300
219;460.965714285714;16825
220;461.066666666667;17284
221;461.167619047619;17013
222;461.268571428571;16714
223;461.369523809524;16760
224;461.470476190476;16920
225;461.571428571429;16912
226;461.672380952381;16898
227;461.773333333333;16407
228;461.874285714286;16630
229;461.975238095238;16524
230;462.07619047619;16214
231;462.177142857143;16501
232;462.278095238095;16251
233;462.379047619048;16473
234;462.48;16056
235;462.580952380952;15883
236;462.681904761905;16048
237;462.782857142857;16257
238;462.883809523809;15976
239;462.984761904762;16080
240;463.085714285714;15883
241;463.186666666667;15700
242;463.287619047619;15958
243;463.388571428571;15582
244;463.489523809524;15812
245;463.590476190476;15227
246;463.691428571429;15666
247;463.792380952381;15325
248;463.893333333333;15413
249;463.994285714286;15340
250;464.095238095238;15437
251;464.19619047619;15273
252;464.297142857143;15298
253;464.398095238095;15152
254;464.499047619048;14864
255;464.6;15072
256;464.700952380952;14934
257;464.801904761905;14867
258;464.902857142857;14822
259;465.003809523809;14926
260;465.104761904762;14752
261;465.205714285714;14667
262;465.306666666667;14629
263;465.407619047619;14439
264;465.508571428571;14429
265;465.609523809524;14638
266;465.710476190476;14403
267;465.811428571429;14374
268;465.912380952381;14355
269;466.013333333333;14266
270;466.114285714286;14073
271;466.215238095238;14393
272;466.31619047619;14143
273;466.417142857143;13951
274;466.518095238095;13805
275;466.619047619048;14198
276;466.72;14050
277;466.820952380952;13717
278;466.921904761905;13985
279;467.022857142857;13852
280;467.123809523809;13877
281;467.224761904762;13739
282;467.325714285714;13616
283;467.426666666667;13766
284;467.527619047619;13496
285;467.628571428571;13700
286;467.729523809524;13525
287;467.830476190476;13696
288;467.931428571429;13471
289;468.032380952381;13488
290;468.133333333333;13290
291;468.234285714286;13194
292;468.335238095238;13116
293;468.43619047619;13317
294;468.537142857143;13294
295;468.638095238095;13225
296;468.739047619048;13131
297;468.84;13170
298;468.940952380952;12974
299;469.041904761905;13099
300;469.142857142857;13132
301;469.243809523809;12961
302;469.344761904762;12659
303;469.445714285714;12701
304;469.546666666667;12955
305;469.647619047619;12736
306;469.748571428571;12848
307;469.849523809524;12675
308;469.950476190476;12700
309;470.051428571429;12463
310;470.152380952381;12504
311;470.253333333333;12518
312;470.354285714286;12553
313;470.455238095238;12554
314;470.55619047619;12467
315;470.657142857143;12400
316;470.758095238095;12187
317;470.859047619048;12226
318;470.96;12137
319;471.060952380952;11975
320;471.161904761905;11964
321;471.262857142857;12099
322;471.363809523809;11985
323;471.464761904762;11832
324;471.565714285714;11923
325;471.666666666667;11738
326;471.767619047619;11885
327;471.868571428571;11892
328;471.969523809524;11746
329;472.070476190476;11919
330;472.171428571429;11595
331;472.272380952381;11376
332;472.373333333333;11444
333;472.474285714286;11341
334;472.575238095238;11389
335;472.67619047619;11297
336;472.777142857143;11250
337;472.878095238095;11222
338;472.979047619048;11014
339;473.08;11102
340;473.180952380952;11110
341;473.281904761905;10987
342;473.382857142857;11117
343;473.483809523809;10889
344;473.584761904762;10925
345;473.685714285714;10715
346;473.786666666667;10435
347;473.887619047619;10636
348;473.988571428571;10534
349;474.089523809524;10624
350;474.190476190476;10523
351;474.291428571429;10605
352;474.392380952381;10548
353;474.493333333333;10409
354;474.594285714286;10400
355;474.695238095238;10325
356;474.79619047619;10354
357;474.897142857143;10210
358;474.998095238095;10044
359;475.099047619048;10308
360;475.2;10088
361;475.300952380952;10083
362;475.401904761905;10019
363;475.502857142857;10166
364;475.60380952381;9768
365;475.704761904762;9808
366;475.805714285714;9805
367;475.906666666667;9829
368;476.007619047619;9937
369;476.108571428571;9586
370;476.209523809524;9398
371;476.310476190476;9572
372;476.411428571429;9660
373;476.512380952381;9496
374;476.613333333333;9443
375;476.714285714286;9385
376;476.815238095238;9566
377;476.91619047619;9262
378;477.017142857143;9312
379;477.118095238095;9197
380;477.219047619048;9118
381;477.32;8933
382;477.420952380952;9293
383;477.521904761905;9164
384;477.622857142857;9148
385;477.72380952381;8881
386;477.824761904762;8712
387;477.925714285714;8932
388;478.026666666667;8740
389;478.127619047619;8714
390;478.228571428571;8870
391;478.329523809524;8768
392;478.430476190476;8800
393;478.531428571429;8506
394;478.632380952381;8377
395;478.733333333333;8781
396;478.834285714286;8516
397;478.935238095238;8418
398;479.03619047619;8565
399;479.137142857143;8574
400;479.238095238095;8538
401;479.339047619048;8332
402;479.44;8255
403;479.540952380952;8170
404;479.641904761905;8275
405;479.742857142857;8089
406;479.84380952381;8302
407;479.944761904762;8115
408;480.045714285714;8131
409;480.146666666667;7999
410;480.247619047619;7958
411;480.348571428571;8057
412;480.449523809524;7825
413;480.550476190476;8011
414;480.651428571429;7605
415;480.752380952381;7995
416;480.853333333333;7626
417;480.954285714286;7582
418;481.055238095238;7837
419;481.15619047619;7816
420;481.257142857143;7659
421;481.358095238095;7677
422;481.459047619048;7539
423;481.56;7586
424;481.660952380952;7542
425;481.761904761905;7535
426;481.862857142857;7604
427;481.96380952381;7657
428;482.064761904762;7479
429;482.165714285714;7519
430;482.266666666667;7413
431;482.367619047619;7202
432;482.468571428571;7526
433;482.569523809524;7161
434;482.670476190476;7237
435;482.771428571429;7154
436;482.872380952381;6963
437;482.973333333333;7173
438;483.074285714286;7186
439;483.175238095238;7068
440;483.27619047619;7173
441;483.377142857143;7213
442;483.478095238095;7178
443;483.579047619048;7039
444;483.68;7104
445;483.780952380952;7122
446;483.881904761905;6936
447;483.982857142857;6975
448;484.08380952381;7021
449;484.184761904762;6880
450;484.285714285714;6875
451;484.386666666667;6916
452;484.487619047619;6847
453;484.588571428571;6742
454;484.689523809524;6918
455;484.790476190476;6699
456;484.891428571429;6788
457;484.992380952381;6691
458;485.093333333333;6885
459;485.194285714286;6747
460;485.295238095238;6667
461;485.39619047619;6768
462;485.497142857143;6907
463;485.598095238095;6724
464;485.699047619048;6489
465;485.8;6661
466;485.900952380952;6474
467;486.001904761905;6663
468;486.102857142857;6496
469;486.203809523809;6660
470;486.304761904762;6700
471;486.405714285714;6759
472;486.506666666667;6559
473;486.607619047619;6390
474;486.708571428571;6500
475;486.809523809524;6362
476;486.910476190476;6169
477;487.011428571429;6519
478;487.112380952381;6421
479;487.213333333333;6390
480;487.314285714286;6425
481;487.415238095238;6300
482;487.51619047619;6307
483;487.617142857143;6290
484;487.718095238095;6415
485;487.819047619048;6512
486;487.92;6446
487;488.020952380952;6437
488;488.121904761905;6265
489;488.222857142857;6281
490;488.323809523809;6358
491;488.424761904762;6165
492;488.525714285714;6216
493;488.626666666667;6100
494;488.727619047619;6100
495;488.828571428571;6261
496;488.929523809524;6340
497;489.030476190476;6118
498;489.131428571429;6184
499;489.232380952381;6024
500;489.333333333333;5960
501;489.434285714286;6100
502;489.535238095238;5921
503;489.63619047619;5970
504;489.737142857143;6098
505;489.838095238095;6108
506;489.939047619048;6020
507;490.04;5996
508;490.140952380952;6187
509;490.241904761905;5941
510;490.342857142857;6034
511;490.443809523809;6160
512;490.544761904762;6104
513;490.645714285714;6243
514;490.746666666667;5966
515;490.847619047619;5845
516;490.948571428571;6122
517;491.049523809524;5914
518;491.150476190476;5983
519;491.251428571429;5969
520;491.352380952381;5882
521;491.453333333333;6183
522;491.554285714286;6125
523;491.655238095238;6015
524;491.75619047619;6050
525;491.857142857143;5877
526;491.958095238095;5977
527;492.059047619048;6102
528;492.16;5893
529;492.260952380952;5977
530;492.361904761905;5824
531;492.462857142857;5794
532;492.563809523809;5889
533;492.664761904762;5976
534;492.765714285714;6042
535;492.866666666667;5802
536;492.967619047619;5961
537;493.068571428571;6018
538;493.169523809524;5942
539;493.270476190476;5851
540;493.371428571429;5857
541;493.472380952381;5968
542;493.573333333333;5983
543;493.674285714286;6039
544;493.775238095238;6155
545;493.87619047619;5974
546;493.977142857143;6118
547;494.078095238095;6035
548;494.179047619048;5901
549;494.28;6007
550;494.380952380952;5867
551;494.481904761905;5887
552;494.582857142857;5917
553;494.683809523809;5756
554;494.784761904762;5943
555;494.885714285714;5667
556;494.986666666667;5955
557;495.087619047619;5972
558;495.188571428571;6158
559;495.289523809524;5999
560;495.390476190476;6079
561;495.491428571429;5841
562;495.592380952381;6008
563;495.693333333333;5985
564;495.794285714286;6007
565;495.895238095238;5837
566;495.99619047619;6112
567;496.097142857143;6006
568;496.198095238095;5990
569;496.299047619048;5963
570;496.4;5564
571;496.500952380952;5966
572;496.601904761905;5875
573;496.702857142857;6081
574;496.803809523809;6065
575;496.904761904762;5988
576;497.005714285714;6159
577;497.106666666667;5997
578;497.207619047619;6116
579;497.308571428571;5896
580;497.409523809524;6086
581;497.510476190476;6063
582;497.611428571429;5840
583;497.712380952381;5972
584;497.813333333333;6080
585;497.914285714286;6197
586;498.015238095238;6065
587;498.11619047619;6118
588;498.217142857143;6322
589;498.318095238095;6058
590;498.419047619048;6172
591;498.52;6276
592;498.620952380952;6249
593;498.721904761905;6183
594;498.822857142857;6115
595;498.923809523809;6258
596;499.024761904762;6120
597;499.125714285714;6020
598;499.226666666667;6381
599;499.327619047619;6255
600;499.428571428571;6335
601;499.529523809524;6048
602;499.630476190476;6404
603;499.731428571429;6296
604;499.832380952381;6427
605;499.933333333333;6405
606;500.034285714286;6368
607;500.135238095238;6334
608;500.23619047619;6386
609;500.337142857143;6405
610;500.438095238095;6568
611;500.539047619048;6276
612;500.64;6637
613;500.740952380952;6409
614;500.841904761905;6332
615;500.942857142857;6332
616;501.04380952381;6520
617;501.144761904762;6424
618;501.245714285714;6396
619;501.346666666667;6576
620;501.447619047619;6448
621;501.548571428571;6412
622;501.649523809524;6220
623;501.750476190476;6506
624;501.851428571429;6572
625;501.952380952381;6548
626;502.053333333333;6660
627;502.154285714286;6394
628;502.255238095238;6475
629;502.35619047619;6646
630;502.457142857143;6572
631;502.558095238095;6438
632;502.659047619048;6681
633;502.76;6553
634;502.860952380952;6583
635;502.961904761905;6626
636;503.062857142857;6739
637;503.16380952381;6554
638;503.264761904762;6514
639;503.365714285714;6847
640;503.466666666667;6843
641;503.567619047619;6571
642;503.668571428571;6755
643;503.769523809524;6683
644;503.870476190476;6711
645;503.971428571429;6833
646;504.072380952381;6743
647;504.173333333333;6903
648;504.274285714286;6681
649;504.375238095238;6857
650;504.47619047619;6932
651;504.577142857143;6853
652;504.678095238095;6953
653;504.779047619048;6826
654;504.88;7116
655;504.980952380952;6778
656;505.081904761905;6850
657;505.182857142857;7144
658;505.28380952381;6961
659;505.384761904762;6878
660;505.485714285714;6995
661;505.586666666667;6999
662;505.687619047619;7086
663;505.788571428571;6998
664;505.889523809524;6951
665;505.990476190476;7027
666;506.091428571429;7019
667;506.192380952381;7093
668;506.293333333333;7079
669;506.394285714286;6991
670;506.495238095238;7151
671;506.59619047619;7033
672;506.697142857143;7044
673;506.798095238095;7295
674;506.899047619048;7235
675;507;7245
676;507.100952380952;7266
677;507.201904761905;7172
678;507.302857142857;7055
679;507.40380952381;6839
680;507.504761904762;7180
681;507.605714285714;7047
682;507.706666666667;7116
683;507.807619047619;7049
684;507.908571428571;7075
685;508.009523809524;7198
686;508.110476190476;7167
687;508.211428571429;7106
688;508.312380952381;7514
689;508.413333333333;7077
690;508.514285714286;7199
691;508.615238095238;7191
692;508.71619047619;7137
693;508.817142857143;7409
694;508.918095238095;7300
695;509.019047619048;7159
696;509.12;7401
697;509.220952380952;7234
698;509.321904761905;7302
699;509.422857142857;7256
700;509.52380952381;7449
701;509.624761904762;7294
702;509.725714285714;7287
703;509.826666666667;7271
704;509.927619047619;7340
705;510.028571428571;7302
706;510.129523809524;7179
707;510.230476190476;7321
708;510.331428571429;7321
709;510.432380952381;7310
710;510.533333333333;7315
711;510.634285714286;7425
712;510.735238095238;7386
713;510.83619047619;7474
714;510.937142857143;7411
715;511.038095238095;7513
716;511.139047619048;7272
717;511.24;7425
718;511.340952380952;7387
719;511.441904761905;7517
720;511.542857142857;7598
721;511.64380952381;7670
722;511.744761904762;7592
723;511.845714285714;7591
724;511.946666666667;7592
725;512.047619047619;7425
726;512.148571428571;7769
727;512.249523809524;7566
728;512.350476190476;7391
729;512.451428571429;7690
730;512.552380952381;7576
731;512.653333333333;7722
732;512.754285714286;7845
733;512.855238095238;7647
734;512.956190476191;7699
735;513.057142857143;7482
736;513.158095238095;7801
737;513.259047619048;7456
738;513.36;7637
739;513.460952380952;7549
740;513.561904761905;7701
741;513.662857142857;7538
742;513.76380952381;7532
743;513.864761904762;7578
744;513.965714285714;7594
745;514.066666666667;7594
746;514.167619047619;7497
747;514.268571428571;7782
748;514.369523809524;7677
749;514.470476190476;7605
750;514.571428571429;7417
751;514.672380952381;7644
752;514.773333333333;7809
753;514.874285714286;7694
754;514.975238095238;7440
755;515.07619047619;7684
756;515.177142857143;7634
757;515.278095238095;7676
758;515.379047619048;7589
759;515.48;7752
760;515.580952380952;7612
761;515.681904761905;7775
762;515.782857142857;7630
763;515.88380952381;7784
764;515.984761904762;7538
765;516.085714285714;7592
766;516.186666666667;7783
767;516.287619047619;7533
768;516.388571428571;7704
769;516.489523809524;7511
770;516.590476190476;7648
771;516.691428571429;7583
772;516.792380952381;7516
773;516.893333333333;7370
774;516.994285714286;7583
775;517.095238095238;7819
776;517.19619047619;7771
777;517.297142857143;7478
778;517.398095238095;7479
779;517.499047619048;7707
780;517.6;7850
781;517.700952380952;7713
782;517.801904761905;7691
783;517.902857142857;7541
784;518.00380952381;7721
785;518.104761904762;7635
786;518.205714285714;7602
787;518.306666666667;7421
788;518.407619047619;7596
789;518.508571428571;7640
790;518.609523809524;7611
791;518.710476190476;7619
792;518.811428571429;7530
793;518.912380952381;7616
794;519.013333333333;7540
795;519.114285714286;7541
796;519.215238095238;7679
797;519.31619047619;7639
798;519.417142857143;7550
799;519.518095238095;7626
800;519.619047619048;7416
801;519.72;7671
802;519.820952380952;7415
803;519.921904761905;7613
804;520.022857142857;7495
805;520.12380952381;7508
806;520.224761904762;7459
807;520.325714285714;7759
808;520.426666666667;7692
809;520.527619047619;7495
810;520.628571428571;7696
811;520.729523809524;7805
812;520.830476190476;7773
813;520.931428571429;7584
814;521.032380952381;7509
815;521.133333333333;7592
816;521.234285714286;7528
817;521.335238095238;7624
818;521.43619047619;7460
819;521.537142857143;7312
820;521.638095238095;7628
821;521.739047619048;7506
822;521.84;7488
823;521.940952380952;7654
824;522.041904761905;7626
825;522.142857142857;7478
826;522.24380952381;7471
827;522.344761904762;7560
828;522.445714285714;7484
829;522.546666666667;7555
830;522.647619047619;7529
831;522.748571428571;7687
832;522.849523809524;7408
833;522.950476190476;7542
834;523.051428571429;7417
835;523.152380952381;7335
836;523.253333333333;7451
837;523.354285714286;7546
838;523.455238095238;7495
839;523.55619047619;7470
840;523.657142857143;7715
841;523.758095238095;7626
842;523.859047619048;7455
843;523.96;7373
844;524.060952380952;7383
845;524.161904761905;7449
846;524.262857142857;7595
847;524.36380952381;7241
848;524.464761904762;7550
849;524.565714285714;7545
850;524.666666666667;7622
851;524.767619047619;7403
852;524.868571428571;7512
853;524.969523809524;7497
854;525.070476190476;7570
855;525.171428571429;7370
856;525.272380952381;7417
857;525.373333333333;7335
858;525.474285714286;7406
859;525.575238095238;7272
860;525.67619047619;7484
861;525.777142857143;7358
862;525.878095238095;7538
863;525.979047619048;7163
864;526.08;7338
865;526.180952380952;7457
866;526.281904761905;7559
867;526.382857142857;7441
868;526.483809523809;7193
869;526.584761904762;7189
870;526.685714285714;7364
871;526.786666666667;7261
872;526.887619047619;7166
873;526.988571428571;7298
874;527.089523809524;7397
875;527.190476190476;7246
876;527.291428571429;7248
877;527.392380952381;7239
878;527.493333333333;7195
879;527.594285714286;7095
880;527.695238095238;7219
881;527.79619047619;7150
882;527.897142857143;7140
883;527.998095238095;7103
884;528.099047619048;7053
885;528.2;7135
886;528.300952380952;7191
887;528.401904761905;7060
888;528.502857142857;7123
889;528.603809523809;7136
890;528.704761904762;7011
891;528.805714285714;6905
892;528.906666666667;6830
893;529.007619047619;6631
894;529.108571428571;6456
895;529.209523809524;6636
896;529.310476190476;6420
897;529.411428571429;6567
898;529.512380952381;6573
899;529.613333333333;6612
900;529.714285714286;6650
901;529.815238095238;6572
902;529.91619047619;6781
903;530.017142857143;6866
904;530.118095238095;7106
905;530.219047619048;6607
906;530.32;7108
907;530.420952380952;6947
908;530.521904761905;6951
909;530.622857142857;6990
910;530.723809523809;6901
911;530.824761904762;6768
912;530.925714285714;6996
913;531.026666666667;6797
914;531.127619047619;6753
915;531.228571428571;6895
916;531.329523809524;6698
917;531.430476190476;6900
918;531.531428571429;7177
919;531.632380952381;6812
920;531.733333333333;7003
921;531.834285714286;6967
922;531.935238095238;6882
923;532.03619047619;6905
924;532.137142857143;6726
925;532.238095238095;6803
926;532.339047619048;6959
927;532.44;6853
928;532.540952380952;6581
929;532.641904761905;6807
930;532.742857142857;6923
931;532.843809523809;6845
932;532.944761904762;6624
933;533.045714285714;6844
934;533.146666666667;6921
935;533.247619047619;6749
936;533.348571428571;6578
937;533.449523809524;6664
938;533.550476190476;6744
939;533.651428571429;6746
940;533.752380952381;7017
941;533.853333333333;6649
942;533.954285714286;6600
943;534.055238095238;6560
944;534.15619047619;6739
945;534.257142857143;6506
946;534.358095238095;6690
947;534.459047619048;6514
948;534.56;6426
949;534.660952380952;6692
950;534.761904761905;6741
951;534.862857142857;6455
952;534.963809523809;6717
953;535.064761904762;6642
954;535.165714285714;6592
955;535.266666666667;6597
956;535.367619047619;6635
957;535.468571428571;6526
958;535.569523809524;6565
959;535.670476190476;6509
960;535.771428571428;6458
961;535.872380952381;6435
962;535.973333333333;6407
963;536.074285714286;6574
964;536.175238095238;6603
965;536.27619047619;6499
966;536.377142857143;6351
967;536.478095238095;6453
968;536.579047619048;6525
969;536.68;6480
970;536.780952380952;6291
971;536.881904761905;6471
972;536.982857142857;6308
973;537.083809523809;6438
974;537.184761904762;6474
975;537.285714285714;6328
976;537.386666666667;6312
977;537.487619047619;6262
978;537.588571428571;6430
979;537.689523809524;6285
980;537.790476190476;6090
981;537.891428571428;6226
982;537.992380952381;6399
983;538.093333333333;6349
984;538.194285714286;6318
985;538.295238095238;6303
986;538.39619047619;6113
987;538.497142857143;6227
988;538.598095238095;6162
989;538.699047619048;5847
990;538.8;6169
991;538.900952380952;6300
992;539.001904761905;6252
993;539.102857142857;6107
994;539.203809523809;6055
995;539.304761904762;6142
996;539.405714285714;6000
997;539.506666666667;6322
998;539.607619047619;6123
999;539.708571428571;6128
1000;539.809523809524;6101
1001;539.910476190476;6149
1002;540.011428571428;6114
1003;540.112380952381;6050
1004;540.213333333333;6113
1005;540.314285714286;5980
1006;540.415238095238;5927
1007;540.51619047619;6035
1008;540.617142857143;5951
1009;540.718095238095;5850
1010;540.819047619048;6182
1011;540.92;5877
1012;541.020952380952;6101
1013;541.121904761905;5989
1014;541.222857142857;5985
1015;541.323809523809;5829
1016;541.424761904762;6069
1017;541.525714285714;6028
1018;541.626666666667;5740
1019;541.727619047619;5822
1020;541.828571428571;5874
1021;541.929523809524;5928
1022;542.030476190476;5760
1023;542.131428571429;5784
1024;542.232380952381;5771
1025;542.333333333333;5696
1026;542.434285714286;5704
1027;542.535238095238;5736
1028;542.63619047619;5774
1029;542.737142857143;5903
1030;542.838095238095;5808
1031;542.939047619048;5826
1032;543.04;5690
1033;543.140952380952;5465
1034;543.241904761905;5780
1035;543.342857142857;5668
1036;543.443809523809;5691
1037;543.544761904762;5703
1038;543.645714285714;5722
1039;543.746666666667;5654
1040;543.847619047619;5724
1041;543.948571428571;5637
1042;544.049523809524;5643
1043;544.150476190476;5667
1044;544.251428571429;5581
1045;544.352380952381;5703
1046;544.453333333333;5691
1047;544.554285714286;5563
1048;544.655238095238;5487
1049;544.75619047619;5452
1050;544.857142857143;5629
1051;544.958095238095;5554
1052;545.059047619048;5455
1053;545.16;5671
1054;545.260952380952;5472
1055;545.361904761905;5502
1056;545.462857142857;5660
1057;545.563809523809;5409
1058;545.664761904762;5520
1059;545.765714285714;5508
1060;545.866666666667;5405
1061;545.967619047619;5422
1062;546.068571428571;5366
1063;546.169523809524;5264
1064;546.270476190476;5684
1065;546.371428571429;5374
1066;546.472380952381;5431
1067;546.573333333333;5467
1068;546.674285714286;5488
1069;546.775238095238;5418
1070;546.87619047619;5331
1071;546.977142857143;5183
1072;547.078095238095;5320
1073;547.179047619048;5130
1074;547.28;5328
1075;547.380952380952;5321
1076;547.481904761905;5521
1077;547.582857142857;5226
1078;547.683809523809;5309
1079;547.784761904762;5202
1080;547.885714285714;5290
1081;547.986666666667;5098
1082;548.087619047619;5353
1083;548.188571428571;5246
1084;548.289523809524;5199
1085;548.390476190476;5321
1086;548.491428571429;5238
1087;548.592380952381;5143
1088;548.693333333333;5104
1089;548.794285714286;5046
1090;548.895238095238;4929
1091;548.99619047619;5167
1092;549.097142857143;5179
1093;549.198095238095;5180
1094;549.299047619048;5098
1095;549.4;5018
1096;549.500952380952;5051
1097;549.601904761905;5036
1098;549.702857142857;5061
1099;549.803809523809;5031
1100;549.904761904762;4975
1101;550.005714285714;4924
1102;550.106666666667;5025
1103;550.207619047619;4924
1104;550.308571428571;4993
1105;550.409523809524;5003
1106;550.510476190476;5017
1107;550.611428571429;5094
1108;550.712380952381;4836
1109;550.813333333333;4907
1110;550.914285714286;4821
1111;551.015238095238;5026
1112;551.11619047619;4861
1113;551.217142857143;4882
1114;551.318095238095;4959
1115;551.419047619048;4917
1116;551.52;4841
1117;551.620952380952;4842
1118;551.721904761905;4779
1119;551.822857142857;4911
1120;551.923809523809;4805
1121;552.024761904762;4590
1122;552.125714285714;4989
1123;552.226666666667;4851
1124;552.327619047619;4759
1125;552.428571428571;4732
1126;552.529523809524;4809
1127;552.630476190476;4785
1128;552.731428571429;4866
1129;552.832380952381;4649
1130;552.933333333333;4696
1131;553.034285714286;4710
1132;553.135238095238;4756
1133;553.23619047619;4775
1134;553.337142857143;4898
1135;553.438095238095;4740
1136;553.539047619048;4567
1137;553.64;4632
1138;553.740952380952;4601
1139;553.841904761905;4559
1140;553.942857142857;4804
1141;554.04380952381;4671
1142;554.144761904762;4660
1143;554.245714285714;4607
1144;554.346666666667;4551
1145;554.447619047619;4589
1146;554.548571428571;4607
1147;554.649523809524;4644
1148;554.750476190476;4664
1149;554.851428571429;4473
1150;554.952380952381;4466
1151;555.053333333333;4476
1152;555.154285714286;4564
1153;555.255238095238;4474
1154;555.35619047619;4475
1155;555.457142857143;4434
1156;555.558095238095;4574
1157;555.659047619048;4580
1158;555.76;4473
1159;555.860952380952;4404
1160;555.961904761905;4515
1161;556.062857142857;4383
1162;556.16380952381;4353
1163;556.264761904762;4294
1164;556.365714285714;4380
1165;556.466666666667;4251
1166;556.567619047619;4516
1167;556.668571428571;4298
1168;556.769523809524;4388
1169;556.870476190476;4340
1170;556.971428571429;4484
1171;557.072380952381;4478
1172;557.173333333333;4371
1173;557.274285714286;4175
1174;557.375238095238;4397
1175;557.47619047619;4340
1176;557.577142857143;4271
1177;557.678095238095;4367
1178;557.779047619048;4235
1179;557.88;4431
1180;557.980952380952;4234
1181;558.081904761905;4169
1182;558.182857142857;4231
1183;558.28380952381;4105
1184;558.384761904762;4242
1185;558.485714285714;4146
1186;558.586666666667;4207
1187;558.687619047619;4277
1188;558.788571428571;4052
1189;558.889523809524;4219
1190;558.990476190476;4165
1191;559.091428571429;4050
1192;559.192380952381;4205
1193;559.293333333333;4092
1194;559.394285714286;4155
1195;559.495238095238;4243
1196;559.59619047619;4189
1197;559.697142857143;4221
1198;559.798095238095;4183
1199;559.899047619048;4088
1200;560;4076
1201;560.100952380952;4168
1202;560.201904761905;4091
1203;560.302857142857;4098
1204;560.40380952381;4178
1205;560.504761904762;4086
1206;560.605714285714;4076
1207;560.706666666667;4022
1208;560.807619047619;4111
1209;560.908571428571;4123
1210;561.009523809524;4207
1211;561.110476190476;4026
1212;561.211428571429;4033
1213;561.312380952381;3849
1214;561.413333333333;3888
1215;561.514285714286;4073
1216;561.615238095238;3907
1217;561.71619047619;4006
1218;561.817142857143;4032
1219;561.918095238095;3914
1220;562.019047619048;4043
1221;562.12;3851
1222;562.220952380952;3959
1223;562.321904761905;3919
1224;562.422857142857;4005
1225;562.52380952381;3930
1226;562.624761904762;3782
1227;562.725714285714;3857
1228;562.826666666667;3878
1229;562.927619047619;3985
1230;563.028571428571;3883
1231;563.129523809524;3873
1232;563.230476190476;3941
1233;563.331428571429;3871
1234;563.432380952381;3789
1235;563.533333333333;3761
1236;563.634285714286;3938
1237;563.735238095238;3771
1238;563.83619047619;3685
1239;563.937142857143;3759
1240;564.038095238095;3803
1241;564.139047619048;3819
1242;564.24;3866
1243;564.340952380952;3798
1244;564.441904761905;3743
1245;564.542857142857;3648
1246;564.64380952381;3788
1247;564.744761904762;3849
1248;564.845714285714;3865
1249;564.946666666667;3758
1250;565.047619047619;3698
1251;565.148571428571;3772
1252;565.249523809524;3832
1253;565.350476190476;3738
1254;565.451428571429;3726
1255;565.552380952381;3668
1256;565.653333333333;3742
1257;565.754285714286;3700
1258;565.855238095238;3697
1259;565.956190476191;3746
1260;566.057142857143;3696
1261;566.158095238095;3577
1262;566.259047619048;3747
1263;566.36;3704
1264;566.460952380952;3733
1265;566.561904761905;3691
1266;566.662857142857;3636
1267;566.76380952381;3654
1268;566.864761904762;3678
1269;566.965714285714;3576
1270;567.066666666667;3703
1271;567.167619047619;3546
1272;567.268571428571;3683
1273;567.369523809524;3541
1274;567.470476190476;3594
1275;567.571428571429;3475
1276;567.672380952381;3601
1277;567.773333333333;3613
1278;567.874285714286;3441
1279;567.975238095238;3627
1280;568.07619047619;3613
1281;568.177142857143;3548
1282;568.278095238095;3590
1283;568.379047619048;3520
1284;568.48;3573
1285;568.580952380952;3348
1286;568.681904761905;3512
1287;568.782857142857;3637
1288;568.88380952381;3612
1289;568.984761904762;3439
1290;569.085714285714;3584
1291;569.186666666667;3488
1292;569.287619047619;3453
1293;569.388571428571;3352
1294;569.489523809524;3409
1295;569.590476190476;3408
1296;569.691428571429;3488
1297;569.792380952381;3506
1298;569.893333333333;3462
1299;569.994285714286;3506
1300;570.095238095238;3426
1301;570.19619047619;3406
1302;570.297142857143;3433
1303;570.398095238095;3395
1304;570.499047619048;3427
1305;570.6;3457
1306;570.700952380952;3383
1307;570.801904761905;3434
1308;570.902857142857;3380
1309;571.00380952381;3140
1310;571.104761904762;3248
1311;571.205714285714;3407
1312;571.306666666667;3395
1313;571.407619047619;3317
1314;571.508571428571;3342
1315;571.609523809524;3380
1316;571.710476190476;3304
1317;571.811428571429;3391
1318;571.912380952381;3456
1319;572.013333333333;3357
1320;572.114285714286;3330
1321;572.215238095238;3378
1322;572.31619047619;3254
1323;572.417142857143;3216
1324;572.518095238095;3361
1325;572.619047619048;3261
1326;572.72;3245
1327;572.820952380952;3292
1328;572.921904761905;3234
1329;573.022857142857;3317
1330;573.12380952381;3201
1331;573.224761904762;3199
1332;573.325714285714;3142
1333;573.426666666667;3371
1334;573.527619047619;3223
1335;573.628571428571;3200
1336;573.729523809524;3105
1337;573.830476190476;3053
1338;573.931428571429;3115
1339;574.032380952381;3130
1340;574.133333333333;3084
1341;574.234285714286;3074
1342;574.335238095238;3233
1343;574.43619047619;3186
1344;574.537142857143;3123
1345;574.638095238095;3182
1346;574.739047619048;3283
1347;574.84;3139
1348;574.940952380952;3103
1349;575.041904761905;3095
1350;575.142857142857;3101
1351;575.24380952381;2924
1352;575.344761904762;3065
1353;575.445714285714;3043
1354;575.546666666667;3083
1355;575.647619047619;3106
1356;575.748571428571;3112
1357;575.849523809524;2898
1358;575.950476190476;3070
1359;576.051428571429;3068
1360;576.152380952381;2959
1361;576.253333333333;2982
1362;576.354285714286;3125
1363;576.455238095238;2933
1364;576.55619047619;3044
1365;576.657142857143;2998
1366;576.758095238095;3005
1367;576.859047619048;3025
1368;576.96;3053
1369;577.060952380952;3007
1370;577.161904761905;3027
1371;577.262857142857;2990
1372;577.363809523809;3018
1373;577.464761904762;2999
1374;577.565714285714;3098
1375;577.666666666667;3108
1376;577.767619047619;2943
1377;577.868571428571;2999
1378;577.969523809524;2907
1379;578.070476190476;2845
1380;578.171428571429;3168
1381;578.272380952381;2924
1382;578.373333333333;2997
1383;578.474285714286;2868
1384;578.575238095238;2871
1385;578.67619047619;2774
1386;578.777142857143;2890
1387;578.878095238095;2899
1388;578.979047619048;2866
1389;579.08;2815
1390;579.180952380952;2859
1391;579.281904761905;2881
1392;579.382857142857;2916
1393;579.483809523809;2757
1394;579.584761904762;2802
1395;579.685714285714;2778
1396;579.786666666667;2852
1397;579.887619047619;2934
1398;579.988571428571;2874
1399;580.089523809524;2673
1400;580.190476190476;2909
1401;580.291428571429;2726
1402;580.392380952381;2759
1403;580.493333333333;2749
1404;580.594285714286;2532
1405;580.695238095238;2668
1406;580.79619047619;2781
1407;580.897142857143;2755
1408;580.998095238095;2834
1409;581.099047619048;2650
1410;581.2;2864
1411;581.300952380952;2741
1412;581.401904761905;2684
1413;581.502857142857;2617
1414;581.603809523809;2615
1415;581.704761904762;2672
1416;581.805714285714;2591
1417;581.906666666667;2802
1418;582.007619047619;2739
1419;582.108571428571;2688
1420;582.209523809524;2668
1421;582.310476190476;2619
1422;582.411428571429;2693
1423;582.512380952381;2608
1424;582.613333333333;2526
1425;582.714285714286;2556
1426;582.815238095238;2522
1427;582.91619047619;2565
1428;583.017142857143;2618
1429;583.118095238095;2583
1430;583.219047619048;2478
1431;583.32;2657
1432;583.420952380952;2545
1433;583.521904761905;2507
1434;583.622857142857;2590
1435;583.723809523809;2715
1436;583.824761904762;2518
1437;583.925714285714;2444
1438;584.026666666667;2548
1439;584.127619047619;2497
1440;584.228571428571;2521
1441;584.329523809524;2561
1442;584.430476190476;2550
1443;584.531428571429;2552
1444;584.632380952381;2411
1445;584.733333333333;2428
1446;584.834285714286;2441
1447;584.935238095238;2333
1448;585.03619047619;2414
1449;585.137142857143;2523
1450;585.238095238095;2482
1451;585.339047619048;2409
1452;585.44;2501
1453;585.540952380952;2341
1454;585.641904761905;2488
1455;585.742857142857;2403
1456;585.843809523809;2385
1457;585.944761904762;2406
1458;586.045714285714;2393
1459;586.146666666667;2370
1460;586.247619047619;2413
1461;586.348571428571;2251
1462;586.449523809524;2319
1463;586.550476190476;2331
1464;586.651428571428;2371
1465;586.752380952381;2445
1466;586.853333333333;2324
1467;586.954285714286;2382
1468;587.055238095238;2241
1469;587.15619047619;2384
1470;587.257142857143;2354
1471;587.358095238095;2314
1472;587.459047619048;2297
1473;587.56;2297
1474;587.660952380952;2280
1475;587.761904761905;2309
1476;587.862857142857;2315
1477;587.963809523809;2278
1478;588.064761904762;2264
1479;588.165714285714;2344
1480;588.266666666667;2188
1481;588.367619047619;2263
1482;588.468571428571;2183
1483;588.569523809524;2242
1484;588.670476190476;2209
1485;588.771428571428;2200
1486;588.872380952381;2248
1487;588.973333333333;2120
1488;589.074285714286;2309
1489;589.175238095238;2259
1490;589.27619047619;2242
1491;589.377142857143;2208
1492;589.478095238095;2144
1493;589.579047619048;2267
1494;589.68;2167
1495;589.780952380952;2091
1496;589.881904761905;2142
1497;589.982857142857;2225
1498;590.083809523809;2234
1499;590.184761904762;2146
1500;590.285714285714;2201
1501;590.386666666667;2287
1502;590.487619047619;2234
1503;590.588571428571;2195
1504;590.689523809524;2163
1505;590.790476190476;2102
1506;590.891428571428;2082
1507;590.992380952381;2093
1508;591.093333333333;2110
1509;591.194285714286;2119
1510;591.295238095238;2091
1511;591.39619047619;2091
1512;591.497142857143;2130
1513;591.598095238095;2045
1514;591.699047619048;2181
1515;591.8;2091
1516;591.900952380952;2107
1517;592.001904761905;2161
1518;592.102857142857;2123
1519;592.203809523809;2083
1520;592.304761904762;2041
1521;592.405714285714;1980
1522;592.506666666667;2201
1523;592.607619047619;1897
1524;592.708571428571;2096
1525;592.809523809524;2028
1526;592.910476190476;1966
1527;593.011428571428;1988
1528;593.112380952381;2025
1529;593.213333333333;2074
1530;593.314285714286;1884
1531;593.415238095238;1957
1532;593.51619047619;1950
1533;593.617142857143;1989
1534;593.718095238095;1989
1535;593.819047619048;1968
1536;593.92;2020
1537;594.020952380952;2021
1538;594.121904761905;1922
1539;594.222857142857;1936
1540;594.323809523809;2008
1541;594.424761904762;2004
1542;594.525714285714;1906
1543;594.626666666667;1967
1544;594.727619047619;1864
1545;594.828571428571;2094
1546;594.929523809524;1872
1547;595.030476190476;1903
1548;595.131428571429;1901
1549;595.232380952381;1868
1550;595.333333333333;1791
1551;595.434285714286;1888
1552;595.535238095238;1888
1553;595.63619047619;1806
1554;595.737142857143;1928
1555;595.838095238095;1947
1556;595.939047619048;1896
1557;596.04;1890
1558;596.140952380952;1807
1559;596.241904761905;1968
1560;596.342857142857;1882
1561;596.443809523809;1944
1562;596.544761904762;1913
1563;596.645714285714;1878
1564;596.746666666667;1838
1565;596.847619047619;1955
1566;596.948571428571;1832
1567;597.049523809524;1852
1568;597.150476190476;1803
1569;597.251428571429;1821
1570;597.352380952381;1805
1571;597.453333333333;1932
1572;597.554285714286;1822
1573;597.655238095238;1755
1574;597.75619047619;1820
1575;597.857142857143;1839
1576;597.958095238095;1828
1577;598.059047619048;1737
1578;598.16;1738
1579;598.260952380952;1826
1580;598.361904761905;1808
1581;598.462857142857;1864
1582;598.563809523809;1756
1583;598.664761904762;1773
1584;598.765714285714;1689
1585;598.866666666667;1764
1586;598.967619047619;1734
1587;599.068571428571;1742
1588;599.169523809524;1734
1589;599.270476190476;1802
1590;599.371428571429;1812
1591;599.472380952381;1687
1592;599.573333333333;1833
1593;599.674285714286;1727
1594;599.775238095238;1761
1595;599.87619047619;1738
1596;599.977142857143;1584
1597;600.078095238095;1631
1598;600.179047619048;1685
1599;600.28;1727
1600;600.380952380952;1731
1601;600.481904761905;1690
1602;600.582857142857;1685
1603;600.683809523809;1718
1604;600.784761904762;1742
1605;600.885714285714;1701
1606;600.986666666667;1673
1607;601.087619047619;1748
1608;601.188571428571;1643
1609;601.289523809524;1595
1610;601.390476190476;1618
1611;601.491428571429;1644
1612;601.592380952381;1682
1613;601.693333333333;1559
1614;601.794285714286;1657
1615;601.895238095238;1687
1616;601.99619047619;1606
1617;602.097142857143;1555
1618;602.198095238095;1629
1619;602.299047619048;1620
1620;602.4;1567
1621;602.500952380952;1693
1622;602.601904761905;1516
1623;602.702857142857;1659
1624;602.803809523809;1784
1625;602.904761904762;1619
1626;603.005714285714;1612
1627;603.106666666667;1592
1628;603.207619047619;1605
1629;603.308571428571;1690
1630;603.409523809524;1630
1631;603.510476190476;1666
1632;603.611428571429;1618
1633;603.712380952381;1601
1634;603.813333333333;1581
1635;603.914285714286;1581
1636;604.015238095238;1559
1637;604.11619047619;1577
1638;604.217142857143;1637
1639;604.318095238095;1620
1640;604.419047619048;1516
1641;604.52;1550
1642;604.620952380952;1590
1643;604.721904761905;1494
1644;604.822857142857;1580
1645;604.923809523809;1556
1646;605.024761904762;1423
1647;605.125714285714;1587
1648;605.226666666667;1657
1649;605.327619047619;1588
1650;605.428571428571;1586
1651;605.529523809524;1534
1652;605.630476190476;1562
1653;605.731428571429;1595
1654;605.832380952381;1456
1655;605.933333333333;1467
1656;606.034285714286;1431
1657;606.135238095238;1493
1658;606.23619047619;1530
1659;606.337142857143;1528
1660;606.438095238095;1580
1661;606.539047619048;1509
1662;606.64;1523
1663;606.740952380952;1469
1664;606.841904761905;1562
1665;606.942857142857;1538
1666;607.04380952381;1538
1667;607.144761904762;1506
1668;607.245714285714;1571
1669;607.346666666667;1449
1670;607.447619047619;1529
1671;607.548571428571;1557
1672;607.649523809524;1505
1673;607.750476190476;1509
1674;607.851428571429;1470
1675;607.952380952381;1609
1676;608.053333333333;1458
1677;608.154285714286;1533
1678;608.255238095238;1406
1679;608.35619047619;1423
1680;608.457142857143;1593
1681;608.558095238095;1455
1682;608.659047619048;1529
1683;608.76;1559
1684;608.860952380952;1495
1685;608.961904761905;1425
1686;609.062857142857;1503
1687;609.16380952381;1557
1688;609.264761904762;1579
1689;609.365714285714;1560
1690;609.466666666667;1501
1691;609.567619047619;1427
1692;609.668571428571;1517
1693;609.769523809524;1462
1694;609.870476190476;1470
1695;609.971428571429;1494
1696;610.072380952381;1525
1697;610.173333333333;1532
1698;610.274285714286;1503
1699;610.375238095238;1549
1700;610.47619047619;1569
1701;610.577142857143;1501
1702;610.678095238095;1444
1703;610.779047619048;1631
1704;610.88;1500
1705;610.980952380952;1552
1706;611.081904761905;1482
1707;611.182857142857;1588
1708;611.28380952381;1380
1709;611.384761904762;1394
1710;611.485714285714;1438
1711;611.586666666667;1409
1712;611.687619047619;1530
1713;611.788571428571;1618
1714;611.889523809524;1475
1715;611.990476190476;1403
1716;612.091428571429;1439
1717;612.192380952381;1521
1718;612.293333333333;1467
1719;612.394285714286;1530
1720;612.495238095238;1547
1721;612.59619047619;1510
1722;612.697142857143;1545
1723;612.798095238095;1474
1724;612.899047619048;1541
1725;613;1544
1726;613.100952380952;1423
1727;613.201904761905;1404
1728;613.302857142857;1455
1729;613.40380952381;1496
1730;613.504761904762;1436
1731;613.605714285714;1476
1732;613.706666666667;1426
1733;613.807619047619;1445
1734;613.908571428571;1384
1735;614.009523809524;1496
1736;614.110476190476;1582
1737;614.211428571429;1403
1738;614.312380952381;1519
1739;614.413333333333;1478
1740;614.514285714286;1438
1741;614.615238095238;1531
1742;614.71619047619;1438
1743;614.817142857143;1435
1744;614.918095238095;1417
1745;615.019047619048;1497
1746;615.12;1401
1747;615.220952380952;1567
1748;615.321904761905;1617
1749;615.422857142857;1611
1750;615.52380952381;1541
1751;615.624761904762;1357
1752;615.725714285714;1416
1753;615.826666666667;1449
1754;615.927619047619;1574
1755;616.028571428571;1515
1756;616.129523809524;1448
1757;616.230476190476;1446
1758;616.331428571429;1587
1759;616.432380952381;1525
1760;616.533333333333;1493
1761;616.634285714286;1476
1762;616.735238095238;1455
1763;616.83619047619;1456
1764;616.937142857143;1472
1765;617.038095238095;1399
1766;617.139047619048;1528
1767;617.24;1487
1768;617.340952380952;1620
1769;617.441904761905;1454
1770;617.542857142857;1404
1771;617.64380952381;1514
1772;617.744761904762;1446
1773;617.845714285714;1442
1774;617.946666666667;1487
1775;618.047619047619;1504
1776;618.148571428571;1533
1777;618.249523809524;1579
1778;618.350476190476;1637
1779;618.451428571429;1488
1780;618.552380952381;1578
1781;618.653333333333;1469
1782;618.754285714286;1589
1783;618.855238095238;1427
1784;618.95619047619;1566
1785;619.057142857143;1561
1786;619.158095238095;1472
1787;619.259047619048;1478
1788;619.36;1568
1789;619.460952380952;1447
1790;619.561904761905;1497
1791;619.662857142857;1410
1792;619.76380952381;1427
1793;619.864761904762;1454
1794;619.965714285714;1492
1795;620.066666666667;1522
1796;620.167619047619;1649
1797;620.268571428571;1498
1798;620.369523809524;1529
1799;620.470476190476;1490
1800;620.571428571429;1377
1801;620.672380952381;1521
1802;620.773333333333;1499
1803;620.874285714286;1518
1804;620.975238095238;1493
1805;621.07619047619;1603
1806;621.177142857143;1579
1807;621.278095238095;1622
1808;621.379047619048;1555
1809;621.48;1472
1810;621.580952380952;1599
1811;621.681904761905;1447
1812;621.782857142857;1537
1813;621.88380952381;1558
1814;621.984761904762;1556
1815;622.085714285714;1533
1816;622.186666666667;1554
1817;622.287619047619;1599
1818;622.388571428571;1529
1819;622.489523809524;1638
1820;622.590476190476;1501
1821;622.691428571429;1561
1822;622.792380952381;1547
1823;622.893333333333;1534
1824;622.994285714286;1567
1825;623.095238095238;1637
1826;623.19619047619;1566
1827;623.297142857143;1482
1828;623.398095238095;1531
1829;623.499047619048;1513
1830;623.6;1470
1831;623.700952380952;1605
1832;623.801904761905;1467
1833;623.902857142857;1528
1834;624.00380952381;1623
1835;624.104761904762;1585
1836;624.205714285714;1515
1837;624.306666666667;1600
1838;624.407619047619;1568
1839;624.508571428571;1595
1840;624.609523809524;1542
1841;624.710476190476;1508
1842;624.811428571429;1680
1843;624.912380952381;1540
1844;625.013333333333;1549
1845;625.114285714286;1673
1846;625.215238095238;1486
1847;625.31619047619;1516
1848;625.417142857143;1492
1849;625.518095238095;1551
1850;625.619047619048;1612
1851;625.72;1609
1852;625.820952380952;1608
1853;625.921904761905;1642
1854;626.022857142857;1634
1855;626.12380952381;1530
1856;626.224761904762;1720
1857;626.325714285714;1580
1858;626.426666666667;1619
1859;626.527619047619;1547
1860;626.628571428571;1555
1861;626.729523809524;1674
1862;626.830476190476;1706
1863;626.931428571429;1660
1864;627.032380952381;1757
1865;627.133333333333;1678
1866;627.234285714286;1659
1867;627.335238095238;1691
1868;627.43619047619;1662
1869;627.537142857143;1639
1870;627.638095238095;1697
1871;627.739047619048;1573
1872;627.84;1664
1873;627.940952380952;1645
1874;628.041904761905;1663
1875;628.142857142857;1682
1876;628.243809523809;1663
1877;628.344761904762;1706
1878;628.445714285714;1618
1879;628.546666666667;1646
1880;628.647619047619;1667
1881;628.748571428571;1665
1882;628.849523809524;1585
1883;628.950476190476;1591
1884;629.051428571429;1723
1885;629.152380952381;1711
1886;629.253333333333;1577
1887;629.354285714286;1648
1888;629.455238095238;1707
1889;629.55619047619;1654
1890;629.657142857143;1532
1891;629.758095238095;1664
1892;629.859047619048;1620
1893;629.96;1591
1894;630.060952380952;1695
1895;630.161904761905;1612
1896;630.262857142857;1722
1897;630.363809523809;1622
1898;630.464761904762;1754
1899;630.565714285714;1695
1900;630.666666666667;1672
1901;630.767619047619;1699
1902;630.868571428571;1599
1903;630.969523809524;1677
1904;631.070476190476;1741
1905;631.171428571429;1776
1906;631.272380952381;1642
1907;631.373333333333;1688
1908;631.474285714286;1722
1909;631.575238095238;1655
1910;631.67619047619;1738
1911;631.777142857143;1747
1912;631.878095238095;1792
1913;631.979047619048;1687
1914;632.08;1778
1915;632.180952380952;1605
1916;632.281904761905;1651
1917;632.382857142857;1732
1918;632.483809523809;1693
1919;632.584761904762;1755
1920;632.685714285714;1654
1921;632.786666666667;1701
1922;632.887619047619;1670
1923;632.988571428571;1809
1924;633.089523809524;1830
1925;633.190476190476;1753
1926;633.291428571429;1774
1927;633.392380952381;1687
1928;633.493333333333;1699
1929;633.594285714286;1559
1930;633.695238095238;1794
1931;633.79619047619;1741
1932;633.897142857143;1794
1933;633.998095238095;1825
1934;634.099047619048;1645
1935;634.2;1727
1936;634.300952380952;1779
1937;634.401904761905;1751
1938;634.502857142857;1704
1939;634.603809523809;1742
1940;634.704761904762;1694
1941;634.805714285714;1786
1942;634.906666666667;1646
1943;635.007619047619;1686
1944;635.108571428571;1763
1945;635.209523809524;1739
1946;635.310476190476;1757
1947;635.411428571429;1741
1948;635.512380952381;1759
1949;635.613333333333;1743
1950;635.714285714286;1778
1951;635.815238095238;1701
1952;635.91619047619;1781
1953;636.017142857143;1784
1954;636.118095238095;1853
1955;636.219047619048;1803
1956;636.32;1734
1957;636.420952380952;1689
1958;636.521904761905;1728
1959;636.622857142857;1708
1960;636.723809523809;1679
1961;636.824761904762;1761
1962;636.925714285714;1695
1963;637.026666666667;1702
1964;637.127619047619;1720
1965;637.228571428571;1828
1966;637.329523809524;1771
1967;637.430476190476;1827
1968;637.531428571429;1805
1969;637.632380952381;1784
1970;637.733333333333;1724
1971;637.834285714286;1772
1972;637.935238095238;1751
1973;638.03619047619;1704
1974;638.137142857143;1620
1975;638.238095238095;1730
1976;638.339047619048;1812
1977;638.44;1716
1978;638.540952380952;1806
1979;638.641904761905;1794
1980;638.742857142857;1749
1981;638.843809523809;1794
1982;638.944761904762;1794
1983;639.045714285714;1819
1984;639.146666666667;1753
1985;639.247619047619;1703
1986;639.348571428571;1707
1987;639.449523809524;1603
1988;639.550476190476;1647
1989;639.651428571428;1729
1990;639.752380952381;1809
1991;639.853333333333;1713
1992;639.954285714286;1827
1993;640.055238095238;1803
1994;640.15619047619;1733
1995;640.257142857143;1692
1996;640.358095238095;1800
1997;640.459047619048;1751
1998;640.56;1908
1999;640.660952380952;1692
2000;640.761904761905;1704
2001;640.862857142857;1686
2002;640.963809523809;1743
2003;641.064761904762;1732
2004;641.165714285714;1828
2005;641.266666666667;1764
2006;641.367619047619;1791
2007;641.468571428571;1857
2008;641.569523809524;1644
2009;641.670476190476;1776
2010;641.771428571428;1740
2011;641.872380952381;1748
2012;641.973333333333;1786
2013;642.074285714286;1874
2014;642.175238095238;1716
2015;642.27619047619;1708
2016;642.377142857143;1768
2017;642.478095238095;1729
2018;642.579047619048;1635
2019;642.68;1730
2020;642.780952380952;1944
2021;642.881904761905;1676
2022;642.982857142857;1685
2023;643.083809523809;1642
2024;643.184761904762;1815
2025;643.285714285714;1756
2026;643.386666666667;1750
2027;643.487619047619;1705
2028;643.588571428571;1623
2029;643.689523809524;1699
2030;643.790476190476;1768
2031;643.891428571428;1673
2032;643.992380952381;1781
2033;644.093333333333;1752
2034;644.194285714286;1658
2035;644.295238095238;1834
2036;644.39619047619;1868
2037;644.497142857143;1790
2038;644.598095238095;1570
2039;644.699047619048;1767
2040;644.8;1725
2041;644.900952380952;1738
2042;645.001904761905;1585
2043;645.102857142857;1747
2044;645.203809523809;1779
2045;645.304761904762;1778
2046;645.405714285714;1679
2047;645.506666666667;1635

