0;438.857142857143;1819
1;438.958095238095;1970
2;439.059047619048;1985
3;439.16;1687
4;439.260952380952;1938
5;439.361904761905;1979
6;439.462857142857;2001
7;439.563809523809;1940
8;439.664761904762;1985
9;439.765714285714;1999
10;439.866666666667;2079
11;439.967619047619;2090
12;440.068571428571;2122
13;440.169523809524;2184
14;440.270476190476;2251
15;440.371428571429;2223
16;440.472380952381;2309
17;440.573333333333;2249
18;440.674285714286;2368
19;440.775238095238;2279
20;440.87619047619;2331
21;440.977142857143;2182
22;441.078095238095;2550
23;441.179047619048;2330
24;441.28;2547
25;441.380952380952;2599
26;441.481904761905;2719
27;441.582857142857;2497
28;441.683809523809;2465
29;441.784761904762;2625
30;441.885714285714;2593
31;441.986666666667;2681
32;442.087619047619;2756
33;442.188571428571;2660
34;442.289523809524;2846
35;442.390476190476;2768
36;442.491428571429;2882
37;442.592380952381;2974
38;442.693333333333;2926
39;442.794285714286;2997
40;442.895238095238;3052
41;442.99619047619;3013
42;443.097142857143;3017
43;443.198095238095;3177
44;443.299047619048;3158
45;443.4;3070
46;443.500952380952;3182
47;443.601904761905;3062
48;443.702857142857;3470
49;443.803809523809;3513
50;443.904761904762;3261
51;444.005714285714;3373
52;444.106666666667;3543
53;444.207619047619;3431
54;444.308571428571;3514
55;444.409523809524;3662
56;444.510476190476;3496
57;444.611428571429;3603
58;444.712380952381;3761
59;444.813333333333;3851
60;444.914285714286;3689
61;445.015238095238;3784
62;445.11619047619;3977
63;445.217142857143;4024
64;445.318095238095;3775
65;445.419047619048;3946
66;445.52;4152
67;445.620952380952;4112
68;445.721904761905;4252
69;445.822857142857;4167
70;445.923809523809;4019
71;446.024761904762;4296
72;446.125714285714;4316
73;446.226666666667;4220
74;446.327619047619;4065
75;446.428571428571;4213
76;446.529523809524;4636
77;446.630476190476;4438
78;446.731428571429;4568
79;446.832380952381;4678
80;446.933333333333;4608
81;447.034285714286;4552
82;447.135238095238;4717
83;447.23619047619;4942
84;447.337142857143;4729
85;447.438095238095;4822
86;447.539047619048;4764
87;447.64;4912
88;447.740952380952;4799
89;447.841904761905;4964
90;447.942857142857;4925
91;448.04380952381;4912
92;448.144761904762;5212
93;448.245714285714;5155
94;448.346666666667;5044
95;448.447619047619;5228
96;448.548571428571;5390
97;448.649523809524;5494
98;448.750476190476;5471
99;448.851428571429;5288
100;448.952380952381;5306
101;449.053333333333;5493
102;449.154285714286;5621
103;449.255238095238;5515
104;449.35619047619;5576
105;449.457142857143;5489
106;449.558095238095;5654
107;449.659047619048;5444
108;449.76;5745
109;449.860952380952;5778
110;449.961904761905;5930
111;450.062857142857;5791
112;450.16380952381;5802
113;450.264761904762;5880
114;450.365714285714;5963
115;450.466666666667;5993
116;450.567619047619;6007
117;450.668571428571;5971
118;450.769523809524;5822
119;450.870476190476;5797
120;450.971428571429;6104
121;451.072380952381;6017
122;451.173333333333;6039
123;451.274285714286;6161
124;451.375238095238;6290
125;451.47619047619;6250
126;451.577142857143;6150
127;451.678095238095;6275
128;451.779047619048;6242
129;451.88;6239
130;451.980952380952;6199
131;452.081904761905;6171
132;452.182857142857;6149
133;452.28380952381;6185
134;452.384761904762;6203
135;452.485714285714;6293
136;452.586666666667;6423
137;452.687619047619;6276
138;452.788571428571;6488
139;452.889523809524;6115
140;452.990476190476;6580
141;453.091428571429;6321
142;453.192380952381;6216
143;453.293333333333;6232
144;453.394285714286;6157
145;453.495238095238;6482
146;453.59619047619;6400
147;453.697142857143;6270
148;453.798095238095;6204
149;453.899047619048;6026
150;454;6303
151;454.100952380952;5854
152;454.201904761905;5491
153;454.302857142857;5806
154;454.40380952381;5945
155;454.504761904762;5925
156;454.605714285714;6011
157;454.706666666667;6083
158;454.807619047619;6209
159;454.908571428571;5972
160;455.009523809524;6174
161;455.110476190476;6183
162;455.211428571429;6071
163;455.312380952381;6142
164;455.413333333333;6068
165;455.514285714286;6035
166;455.615238095238;6007
167;455.71619047619;6149
168;455.817142857143;6027
169;455.918095238095;6016
170;456.019047619048;5957
171;456.12;5869
172;456.220952380952;6134
173;456.321904761905;5849
174;456.422857142857;5630
175;456.52380952381;5670
176;456.624761904762;5944
177;456.725714285714;5689
178;456.826666666667;5618
179;456.927619047619;5657
180;457.028571428571;5663
181;457.129523809524;5268
182;457.230476190476;5622
183;457.331428571429;5577
184;457.432380952381;5608
185;457.533333333333;5367
186;457.634285714286;5356
187;457.735238095238;5599
188;457.83619047619;5434
189;457.937142857143;5354
190;458.038095238095;5323
191;458.139047619048;5204
192;458.24;5199
193;458.340952380952;5249
194;458.441904761905;5013
195;458.542857142857;4919
196;458.64380952381;5256
197;458.744761904762;4987
198;458.845714285714;5018
199;458.946666666667;5004
200;459.047619047619;4783
201;459.148571428571;4962
202;459.249523809524;4925
203;459.350476190476;4661
204;459.451428571429;4824
205;459.552380952381;4957
206;459.653333333333;4767
207;459.754285714286;4726
208;459.855238095238;4742
209;459.95619047619;4784
210;460.057142857143;4558
211;460.158095238095;4297
212;460.259047619048;4487
213;460.36;4349
214;460.460952380952;4378
215;460.561904761905;4449
216;460.662857142857;4362
217;460.763809523809;4111
218;460.864761904762;4250
219;460.965714285714;4149
220;461.066666666667;4198
221;461.167619047619;4271
222;461.268571428571;4151
223;461.369523809524;4055
224;461.470476190476;3934
225;461.571428571429;4045
226;461.672380952381;4165
227;461.773333333333;3795
228;461.874285714286;3997
229;461.975238095238;3789
230;462.07619047619;3828
231;462.177142857143;3856
232;462.278095238095;3803
233;462.379047619048;3928
234;462.48;3504
235;462.580952380952;3688
236;462.681904761905;3772
237;462.782857142857;3673
238;462.883809523809;3676
239;462.984761904762;3486
240;463.085714285714;3556
241;463.186666666667;3416
242;463.287619047619;3686
243;463.388571428571;3434
244;463.489523809524;3405
245;463.590476190476;3322
246;463.691428571429;3286
247;463.792380952381;3273
248;463.893333333333;3237
249;463.994285714286;3238
250;464.095238095238;3155
251;464.19619047619;3203
252;464.297142857143;3216
253;464.398095238095;3170
254;464.499047619048;3137
255;464.6;3123
256;464.700952380952;2995
257;464.801904761905;3052
258;464.902857142857;2879
259;465.003809523809;2974
260;465.104761904762;2791
261;465.205714285714;2881
262;465.306666666667;2786
263;465.407619047619;2703
264;465.508571428571;2739
265;465.609523809524;2921
266;465.710476190476;2998
267;465.811428571429;2559
268;465.912380952381;2731
269;466.013333333333;2715
270;466.114285714286;2520
271;466.215238095238;2603
272;466.31619047619;2805
273;466.417142857143;2493
274;466.518095238095;2473
275;466.619047619048;2638
276;466.72;2713
277;466.820952380952;2444
278;466.921904761905;2646
279;467.022857142857;2518
280;467.123809523809;2363
281;467.224761904762;2362
282;467.325714285714;2400
283;467.426666666667;2285
284;467.527619047619;2263
285;467.628571428571;2315
286;467.729523809524;2293
287;467.830476190476;2404
288;467.931428571429;2194
289;468.032380952381;2303
290;468.133333333333;2109
291;468.234285714286;2138
292;468.335238095238;2124
293;468.43619047619;2255
294;468.537142857143;2261
295;468.638095238095;2170
296;468.739047619048;2113
297;468.84;2116
298;468.940952380952;1947
299;469.041904761905;2086
300;469.142857142857;2079
301;469.243809523809;2028
302;469.344761904762;1900
303;469.445714285714;1835
304;469.546666666667;2197
305;469.647619047619;2045
306;469.748571428571;2026
307;469.849523809524;1984
308;469.950476190476;1963
309;470.051428571429;1868
310;470.152380952381;1902
311;470.253333333333;1877
312;470.354285714286;1882
313;470.455238095238;2011
314;470.55619047619;1980
315;470.657142857143;1853
316;470.758095238095;1704
317;470.859047619048;1741
318;470.96;1589
319;471.060952380952;1658
320;471.161904761905;1450
321;471.262857142857;1728
322;471.363809523809;1732
323;471.464761904762;1596
324;471.565714285714;1673
325;471.666666666667;1327
326;471.767619047619;1526
327;471.868571428571;1694
328;471.969523809524;1550
329;472.070476190476;1574
330;472.171428571429;1361
331;472.272380952381;1353
332;472.373333333333;1625
333;472.474285714286;1317
334;472.575238095238;1453
335;472.67619047619;1522
336;472.777142857143;1362
337;472.878095238095;1376
338;472.979047619048;1356
339;473.08;1402
340;473.180952380952;1515
341;473.281904761905;1353
342;473.382857142857;1208
343;473.483809523809;1270
344;473.584761904762;1353
345;473.685714285714;1289
346;473.786666666667;950
347;473.887619047619;1188
348;473.988571428571;1117
349;474.089523809524;1060
350;474.190476190476;1102
351;474.291428571429;1267
352;474.392380952381;1308
353;474.493333333333;1240
354;474.594285714286;1176
355;474.695238095238;1031
356;474.79619047619;1215
357;474.897142857143;1088
358;474.998095238095;904
359;475.099047619048;1178
360;475.2;1041
361;475.300952380952;1055
362;475.401904761905;1088
363;475.502857142857;1082
364;475.60380952381;981
365;475.704761904762;1002
366;475.805714285714;987
367;475.906666666667;1046
368;476.007619047619;1159
369;476.108571428571;830
370;476.209523809524;783
371;476.310476190476;981
372;476.411428571429;973
373;476.512380952381;1049
374;476.613333333333;859
375;476.714285714286;861
376;476.815238095238;956
377;476.91619047619;700
378;477.017142857143;844
379;477.118095238095;879
380;477.219047619048;772
381;477.32;766
382;477.420952380952;958
383;477.521904761905;932
384;477.622857142857;881
385;477.72380952381;704
386;477.824761904762;605
387;477.925714285714;753
388;478.026666666667;754
389;478.127619047619;856
390;478.228571428571;890
391;478.329523809524;886
392;478.430476190476;694
393;478.531428571429;685
394;478.632380952381;544
395;478.733333333333;957
396;478.834285714286;745
397;478.935238095238;619
398;479.03619047619;738
399;479.137142857143;768
400;479.238095238095;762
401;479.339047619048;616
402;479.44;715
403;479.540952380952;497
404;479.641904761905;670
405;479.742857142857;555
406;479.84380952381;728
407;479.944761904762;549
408;480.045714285714;798
409;480.146666666667;659
410;480.247619047619;565
411;480.348571428571;578
412;480.449523809524;380
413;480.550476190476;567
414;480.651428571429;357
415;480.752380952381;468
416;480.853333333333;537
417;480.954285714286;432
418;481.055238095238;615
419;481.15619047619;528
420;481.257142857143;480
421;481.358095238095;506
422;481.459047619048;434
423;481.56;417
424;481.660952380952;428
425;481.761904761905;456
426;481.862857142857;493
427;481.96380952381;439
428;482.064761904762;530
429;482.165714285714;484
430;482.266666666667;522
431;482.367619047619;316
432;482.468571428571;507
433;482.569523809524;375
434;482.670476190476;352
435;482.771428571429;349
436;482.872380952381;256
437;482.973333333333;435
438;483.074285714286;325
439;483.175238095238;334
440;483.27619047619;436
441;483.377142857143;550
442;483.478095238095;491
443;483.579047619048;222
444;483.68;521
445;483.780952380952;358
446;483.881904761905;313
447;483.982857142857;409
448;484.08380952381;359
449;484.184761904762;328
450;484.285714285714;349
451;484.386666666667;350
452;484.487619047619;230
453;484.588571428571;269
454;484.689523809524;324
455;484.790476190476;238
456;484.891428571429;403
457;484.992380952381;305
458;485.093333333333;364
459;485.194285714286;340
460;485.295238095238;319
461;485.39619047619;381
462;485.497142857143;444
463;485.598095238095;256
464;485.699047619048;158
465;485.8;337
466;485.900952380952;192
467;486.001904761905;346
468;486.102857142857;148
469;486.203809523809;327
470;486.304761904762;410
471;486.405714285714;462
472;486.506666666667;291
473;486.607619047619;210
474;486.708571428571;269
475;486.809523809524;159
476;486.910476190476;197
477;487.011428571429;219
478;487.112380952381;185
479;487.213333333333;274
480;487.314285714286;245
481;487.415238095238;192
482;487.51619047619;169
483;487.617142857143;150
484;487.718095238095;399
485;487.819047619048;348
486;487.92;248
487;488.020952380952;270
488;488.121904761905;167
489;488.222857142857;179
490;488.323809523809;374
491;488.424761904762;88
492;488.525714285714;91
493;488.626666666667;101
494;488.727619047619;207
495;488.828571428571;199
496;488.929523809524;168
497;489.030476190476;79
498;489.131428571429;196
499;489.232380952381;41
500;489.333333333333;145
501;489.434285714286;192
502;489.535238095238;101
503;489.63619047619;66
504;489.737142857143;204
505;489.838095238095;196
506;489.939047619048;64
507;490.04;218
508;490.140952380952;197
509;490.241904761905;50
510;490.342857142857;152
511;490.443809523809;176
512;490.544761904762;91
513;490.645714285714;180
514;490.746666666667;115
515;490.847619047619;0
516;490.948571428571;212
517;491.049523809524;0
518;491.150476190476;142
519;491.251428571429;115
520;491.352380952381;20
521;491.453333333333;230
522;491.554285714286;109
523;491.655238095238;199
524;491.75619047619;223
525;491.857142857143;112
526;491.958095238095;111
527;492.059047619048;278
528;492.16;137
529;492.260952380952;85
530;492.361904761905;46
531;492.462857142857;9
532;492.563809523809;0
533;492.664761904762;162
534;492.765714285714;150
535;492.866666666667;79
536;492.967619047619;52
537;493.068571428571;248
538;493.169523809524;27
539;493.270476190476;3
540;493.371428571429;0
541;493.472380952381;200
542;493.573333333333;108
543;493.674285714286;83
544;493.775238095238;121
545;493.87619047619;108
546;493.977142857143;190
547;494.078095238095;150
548;494.179047619048;71
549;494.28;138
550;494.380952380952;0
551;494.481904761905;25
552;494.582857142857;27
553;494.683809523809;0
554;494.784761904762;211
555;494.885714285714;0
556;494.986666666667;144
557;495.087619047619;25
558;495.188571428571;233
559;495.289523809524;57
560;495.390476190476;235
561;495.491428571429;28
562;495.592380952381;98
563;495.693333333333;112
564;495.794285714286;20
565;495.895238095238;25
566;495.99619047619;114
567;496.097142857143;0
568;496.198095238095;126
569;496.299047619048;0
570;496.4;0
571;496.500952380952;27
572;496.601904761905;0
573;496.702857142857;0
574;496.803809523809;38
575;496.904761904762;0
576;497.005714285714;137
577;497.106666666667;75
578;497.207619047619;0
579;497.308571428571;0
580;497.409523809524;57
581;497.510476190476;0
582;497.611428571429;0
583;497.712380952381;26
584;497.813333333333;24
585;497.914285714286;88
586;498.015238095238;0
587;498.11619047619;32
588;498.217142857143;201
589;498.318095238095;48
590;498.419047619048;32
591;498.52;153
592;498.620952380952;28
593;498.721904761905;58
594;498.822857142857;24
595;498.923809523809;0
596;499.024761904762;0
597;499.125714285714;38
598;499.226666666667;23
599;499.327619047619;166
600;499.428571428571;21
601;499.529523809524;0
602;499.630476190476;61
603;499.731428571429;0
604;499.832380952381;127
605;499.933333333333;52
606;500.034285714286;101
607;500.135238095238;58
608;500.23619047619;106
609;500.337142857143;127
610;500.438095238095;10
611;500.539047619048;32
612;500.64;71
613;500.740952380952;83
614;500.841904761905;15
615;500.942857142857;0
616;501.04380952381;106
617;501.144761904762;21
618;501.245714285714;0
619;501.346666666667;101
620;501.447619047619;62
621;501.548571428571;3
622;501.649523809524;0
623;501.750476190476;119
624;501.851428571429;236
625;501.952380952381;55
626;502.053333333333;151
627;502.154285714286;0
628;502.255238095238;0
629;502.35619047619;0
630;502.457142857143;69
631;502.558095238095;61
632;502.659047619048;39
633;502.76;25
634;502.860952380952;15
635;502.961904761905;0
636;503.062857142857;176
637;503.16380952381;0
638;503.264761904762;0
639;503.365714285714;213
640;503.466666666667;205
641;503.567619047619;0
642;503.668571428571;0
643;503.769523809524;0
644;503.870476190476;26
645;503.971428571429;0
646;504.072380952381;0
647;504.173333333333;100
648;504.274285714286;0
649;504.375238095238;0
650;504.47619047619;27
651;504.577142857143;66
652;504.678095238095;196
653;504.779047619048;5
654;504.88;110
655;504.980952380952;0
656;505.081904761905;89
657;505.182857142857;298
658;505.28380952381;66
659;505.384761904762;93
660;505.485714285714;75
661;505.586666666667;54
662;505.687619047619;135
663;505.788571428571;13
664;505.889523809524;194
665;505.990476190476;181
666;506.091428571429;125
667;506.192380952381;181
668;506.293333333333;140
669;506.394285714286;49
670;506.495238095238;102
671;506.59619047619;14
672;506.697142857143;96
673;506.798095238095;186
674;506.899047619048;214
675;507;61
676;507.100952380952;215
677;507.201904761905;104
678;507.302857142857;103
679;507.40380952381;0
680;507.504761904762;26
681;507.605714285714;0
682;507.706666666667;30
683;507.807619047619;15
684;507.908571428571;5
685;508.009523809524;33
686;508.110476190476;151
687;508.211428571429;25
688;508.312380952381;287
689;508.413333333333;4
690;508.514285714286;170
691;508.615238095238;0
692;508.71619047619;0
693;508.817142857143;121
694;508.918095238095;134
695;509.019047619048;0
696;509.12;271
697;509.220952380952;30
698;509.321904761905;34
699;509.422857142857;93
700;509.52380952381;157
701;509.624761904762;47
702;509.725714285714;169
703;509.826666666667;123
704;509.927619047619;42
705;510.028571428571;18
706;510.129523809524;85
707;510.230476190476;68
708;510.331428571429;31
709;510.432380952381;115
710;510.533333333333;0
711;510.634285714286;152
712;510.735238095238;140
713;510.83619047619;215
714;510.937142857143;0
715;511.038095238095;156
716;511.139047619048;0
717;511.24;20
718;511.340952380952;97
719;511.441904761905;155
720;511.542857142857;194
721;511.64380952381;269
722;511.744761904762;60
723;511.845714285714;174
724;511.946666666667;23
725;512.047619047619;5
726;512.148571428571;234
727;512.249523809524;172
728;512.350476190476;21
729;512.451428571429;189
730;512.552380952381;122
731;512.653333333333;161
732;512.754285714286;218
733;512.855238095238;20
734;512.956190476191;160
735;513.057142857143;169
736;513.158095238095;120
737;513.259047619048;35
738;513.36;222
739;513.460952380952;156
740;513.561904761905;174
741;513.662857142857;62
742;513.76380952381;177
743;513.864761904762;39
744;513.965714285714;172
745;514.066666666667;47
746;514.167619047619;65
747;514.268571428571;170
748;514.369523809524;179
749;514.470476190476;140
750;514.571428571429;0
751;514.672380952381;196
752;514.773333333333;309
753;514.874285714286;171
754;514.975238095238;4
755;515.07619047619;117
756;515.177142857143;178
757;515.278095238095;216
758;515.379047619048;47
759;515.48;376
760;515.580952380952;144
761;515.681904761905;263
762;515.782857142857;130
763;515.88380952381;139
764;515.984761904762;86
765;516.085714285714;258
766;516.186666666667;297
767;516.287619047619;149
768;516.388571428571;217
769;516.489523809524;97
770;516.590476190476;219
771;516.691428571429;90
772;516.792380952381;50
773;516.893333333333;0
774;516.994285714286;150
775;517.095238095238;250
776;517.19619047619;131
777;517.297142857143;123
778;517.398095238095;38
779;517.499047619048;339
780;517.6;213
781;517.700952380952;225
782;517.801904761905;139
783;517.902857142857;59
784;518.00380952381;221
785;518.104761904762;128
786;518.205714285714;174
787;518.306666666667;155
788;518.407619047619;229
789;518.508571428571;220
790;518.609523809524;228
791;518.710476190476;159
792;518.811428571429;65
793;518.912380952381;164
794;519.013333333333;184
795;519.114285714286;304
796;519.215238095238;207
797;519.31619047619;218
798;519.417142857143;176
799;519.518095238095;294
800;519.619047619048;130
801;519.72;71
802;519.820952380952;65
803;519.921904761905;196
804;520.022857142857;67
805;520.12380952381;161
806;520.224761904762;199
807;520.325714285714;204
808;520.426666666667;194
809;520.527619047619;105
810;520.628571428571;174
811;520.729523809524;237
812;520.830476190476;260
813;520.931428571429;113
814;521.032380952381;94
815;521.133333333333;151
816;521.234285714286;252
817;521.335238095238;122
818;521.43619047619;92
819;521.537142857143;0
820;521.638095238095;191
821;521.739047619048;186
822;521.84;151
823;521.940952380952;332
824;522.041904761905;240
825;522.142857142857;149
826;522.24380952381;55
827;522.344761904762;151
828;522.445714285714;255
829;522.546666666667;256
830;522.647619047619;270
831;522.748571428571;277
832;522.849523809524;165
833;522.950476190476;272
834;523.051428571429;146
835;523.152380952381;192
836;523.253333333333;232
837;523.354285714286;188
838;523.455238095238;142
839;523.55619047619;19
840;523.657142857143;164
841;523.758095238095;325
842;523.859047619048;98
843;523.96;217
844;524.060952380952;209
845;524.161904761905;228
846;524.262857142857;209
847;524.36380952381;69
848;524.464761904762;280
849;524.565714285714;348
850;524.666666666667;268
851;524.767619047619;140
852;524.868571428571;264
853;524.969523809524;286
854;525.070476190476;344
855;525.171428571429;107
856;525.272380952381;264
857;525.373333333333;301
858;525.474285714286;303
859;525.575238095238;229
860;525.67619047619;302
861;525.777142857143;224
862;525.878095238095;311
863;525.979047619048;203
864;526.08;286
865;526.180952380952;382
866;526.281904761905;416
867;526.382857142857;373
868;526.483809523809;135
869;526.584761904762;259
870;526.685714285714;383
871;526.786666666667;234
872;526.887619047619;224
873;526.988571428571;255
874;527.089523809524;246
875;527.190476190476;223
876;527.291428571429;257
877;527.392380952381;306
878;527.493333333333;237
879;527.594285714286;99
880;527.695238095238;215
881;527.79619047619;194
882;527.897142857143;188
883;527.998095238095;176
884;528.099047619048;185
885;528.2;209
886;528.300952380952;289
887;528.401904761905;150
888;528.502857142857;152
889;528.603809523809;212
890;528.704761904762;210
891;528.805714285714;220
892;528.906666666667;257
893;529.007619047619;390
894;529.108571428571;344
895;529.209523809524;330
896;529.310476190476;270
897;529.411428571429;204
898;529.512380952381;197
899;529.613333333333;344
900;529.714285714286;305
901;529.815238095238;185
902;529.91619047619;276
903;530.017142857143;244
904;530.118095238095;358
905;530.219047619048;108
906;530.32;488
907;530.420952380952;369
908;530.521904761905;198
909;530.622857142857;252
910;530.723809523809;356
911;530.824761904762;186
912;530.925714285714;295
913;531.026666666667;291
914;531.127619047619;274
915;531.228571428571;355
916;531.329523809524;131
917;531.430476190476;277
918;531.531428571429;372
919;531.632380952381;287
920;531.733333333333;289
921;531.834285714286;281
922;531.935238095238;326
923;532.03619047619;418
924;532.137142857143;275
925;532.238095238095;314
926;532.339047619048;406
927;532.44;275
928;532.540952380952;263
929;532.641904761905;289
930;532.742857142857;401
931;532.843809523809;295
932;532.944761904762;251
933;533.045714285714;315
934;533.146666666667;372
935;533.247619047619;278
936;533.348571428571;363
937;533.449523809524;303
938;533.550476190476;295
939;533.651428571429;308
940;533.752380952381;436
941;533.853333333333;239
942;533.954285714286;311
943;534.055238095238;241
944;534.15619047619;332
945;534.257142857143;253
946;534.358095238095;429
947;534.459047619048;235
948;534.56;218
949;534.660952380952;431
950;534.761904761905;382
951;534.862857142857;344
952;534.963809523809;417
953;535.064761904762;494
954;535.165714285714;377
955;535.266666666667;442
956;535.367619047619;452
957;535.468571428571;418
958;535.569523809524;455
959;535.670476190476;375
960;535.771428571428;382
961;535.872380952381;368
962;535.973333333333;219
963;536.074285714286;415
964;536.175238095238;406
965;536.27619047619;293
966;536.377142857143;338
967;536.478095238095;385
968;536.579047619048;419
969;536.68;434
970;536.780952380952;396
971;536.881904761905;503
972;536.982857142857;374
973;537.083809523809;381
974;537.184761904762;405
975;537.285714285714;433
976;537.386666666667;514
977;537.487619047619;431
978;537.588571428571;479
979;537.689523809524;424
980;537.790476190476;237
981;537.891428571428;383
982;537.992380952381;515
983;538.093333333333;468
984;538.194285714286;548
985;538.295238095238;506
986;538.39619047619;495
987;538.497142857143;465
988;538.598095238095;482
989;538.699047619048;326
990;538.8;421
991;538.900952380952;415
992;539.001904761905;577
993;539.102857142857;437
994;539.203809523809;319
995;539.304761904762;494
996;539.405714285714;475
997;539.506666666667;555
998;539.607619047619;434
999;539.708571428571;474
1000;539.809523809524;401
1001;539.910476190476;540
1002;540.011428571428;476
1003;540.112380952381;444
1004;540.213333333333;572
1005;540.314285714286;406
1006;540.415238095238;452
1007;540.51619047619;510
1008;540.617142857143;552
1009;540.718095238095;550
1010;540.819047619048;627
1011;540.92;486
1012;541.020952380952;559
1013;541.121904761905;414
1014;541.222857142857;475
1015;541.323809523809;531
1016;541.424761904762;604
1017;541.525714285714;667
1018;541.626666666667;449
1019;541.727619047619;587
1020;541.828571428571;515
1021;541.929523809524;621
1022;542.030476190476;489
1023;542.131428571429;506
1024;542.232380952381;559
1025;542.333333333333;502
1026;542.434285714286;522
1027;542.535238095238;552
1028;542.63619047619;587
1029;542.737142857143;619
1030;542.838095238095;741
1031;542.939047619048;733
1032;543.04;662
1033;543.140952380952;537
1034;543.241904761905;642
1035;543.342857142857;558
1036;543.443809523809;566
1037;543.544761904762;511
1038;543.645714285714;610
1039;543.746666666667;671
1040;543.847619047619;727
1041;543.948571428571;671
1042;544.049523809524;689
1043;544.150476190476;695
1044;544.251428571429;669
1045;544.352380952381;728
1046;544.453333333333;752
1047;544.554285714286;708
1048;544.655238095238;615
1049;544.75619047619;620
1050;544.857142857143;794
1051;544.958095238095;780
1052;545.059047619048;770
1053;545.16;801
1054;545.260952380952;732
1055;545.361904761905;631
1056;545.462857142857;823
1057;545.563809523809;783
1058;545.664761904762;863
1059;545.765714285714;738
1060;545.866666666667;775
1061;545.967619047619;822
1062;546.068571428571;737
1063;546.169523809524;850
1064;546.270476190476;855
1065;546.371428571429;833
1066;546.472380952381;785
1067;546.573333333333;890
1068;546.674285714286;745
1069;546.775238095238;875
1070;546.87619047619;852
1071;546.977142857143;814
1072;547.078095238095;900
1073;547.179047619048;764
1074;547.28;933
1075;547.380952380952;916
1076;547.481904761905;827
1077;547.582857142857;826
1078;547.683809523809;914
1079;547.784761904762;960
1080;547.885714285714;954
1081;547.986666666667;797
1082;548.087619047619;945
1083;548.188571428571;1023
1084;548.289523809524;894
1085;548.390476190476;921
1086;548.491428571429;951
1087;548.592380952381;875
1088;548.693333333333;952
1089;548.794285714286;868
1090;548.895238095238;767
1091;548.99619047619;1070
1092;549.097142857143;1013
1093;549.198095238095;1100
1094;549.299047619048;951
1095;549.4;1003
1096;549.500952380952;999
1097;549.601904761905;1151
1098;549.702857142857;1057
1099;549.803809523809;1042
1100;549.904761904762;1033
1101;550.005714285714;1168
1102;550.106666666667;1005
1103;550.207619047619;1080
1104;550.308571428571;1123
1105;550.409523809524;1162
1106;550.510476190476;1199
1107;550.611428571429;1050
1108;550.712380952381;1066
1109;550.813333333333;1014
1110;550.914285714286;1169
1111;551.015238095238;1167
1112;551.11619047619;1103
1113;551.217142857143;1099
1114;551.318095238095;1291
1115;551.419047619048;1291
1116;551.52;1147
1117;551.620952380952;1185
1118;551.721904761905;1155
1119;551.822857142857;1213
1120;551.923809523809;1372
1121;552.024761904762;1091
1122;552.125714285714;1306
1123;552.226666666667;1339
1124;552.327619047619;1366
1125;552.428571428571;1338
1126;552.529523809524;1299
1127;552.630476190476;1392
1128;552.731428571429;1340
1129;552.832380952381;1371
1130;552.933333333333;1467
1131;553.034285714286;1285
1132;553.135238095238;1384
1133;553.23619047619;1412
1134;553.337142857143;1495
1135;553.438095238095;1413
1136;553.539047619048;1318
1137;553.64;1504
1138;553.740952380952;1396
1139;553.841904761905;1416
1140;553.942857142857;1570
1141;554.04380952381;1531
1142;554.144761904762;1610
1143;554.245714285714;1548
1144;554.346666666667;1450
1145;554.447619047619;1552
1146;554.548571428571;1575
1147;554.649523809524;1593
1148;554.750476190476;1642
1149;554.851428571429;1621
1150;554.952380952381;1602
1151;555.053333333333;1656
1152;555.154285714286;1778
1153;555.255238095238;1503
1154;555.35619047619;1741
1155;555.457142857143;1770
1156;555.558095238095;1662
1157;555.659047619048;1735
1158;555.76;1787
1159;555.860952380952;1711
1160;555.961904761905;1713
1161;556.062857142857;1805
1162;556.16380952381;1679
1163;556.264761904762;1801
1164;556.365714285714;1833
1165;556.466666666667;1848
1166;556.567619047619;1779
1167;556.668571428571;1805
1168;556.769523809524;1939
1169;556.870476190476;1872
1170;556.971428571429;1877
1171;557.072380952381;1962
1172;557.173333333333;1966
1173;557.274285714286;1761
1174;557.375238095238;1971
1175;557.47619047619;1935
1176;557.577142857143;1993
1177;557.678095238095;2045
1178;557.779047619048;1974
1179;557.88;2190
1180;557.980952380952;2092
1181;558.081904761905;2038
1182;558.182857142857;2136
1183;558.28380952381;1929
1184;558.384761904762;2055
1185;558.485714285714;2123
1186;558.586666666667;2150
1187;558.687619047619;2068
1188;558.788571428571;2166
1189;558.889523809524;2117
1190;558.990476190476;2255
1191;559.091428571429;2171
1192;559.192380952381;2065
1193;559.293333333333;2149
1194;559.394285714286;2316
1195;559.495238095238;2238
1196;559.59619047619;2339
1197;559.697142857143;2337
1198;559.798095238095;2359
1199;559.899047619048;2416
1200;560;2360
1201;560.100952380952;2431
1202;560.201904761905;2331
1203;560.302857142857;2288
1204;560.40380952381;2514
1205;560.504761904762;2524
1206;560.605714285714;2510
1207;560.706666666667;2556
1208;560.807619047619;2618
1209;560.908571428571;2659
1210;561.009523809524;2656
1211;561.110476190476;2475
1212;561.211428571429;2582
1213;561.312380952381;2562
1214;561.413333333333;2638
1215;561.514285714286;2656
1216;561.615238095238;2583
1217;561.71619047619;2823
1218;561.817142857143;2675
1219;561.918095238095;2719
1220;562.019047619048;2728
1221;562.12;2713
1222;562.220952380952;2787
1223;562.321904761905;2884
1224;562.422857142857;2753
1225;562.52380952381;2928
1226;562.624761904762;2859
1227;562.725714285714;2915
1228;562.826666666667;2802
1229;562.927619047619;3059
1230;563.028571428571;2906
1231;563.129523809524;2907
1232;563.230476190476;3046
1233;563.331428571429;2989
1234;563.432380952381;2952
1235;563.533333333333;3029
1236;563.634285714286;3159
1237;563.735238095238;3159
1238;563.83619047619;3134
1239;563.937142857143;3040
1240;564.038095238095;3199
1241;564.139047619048;3088
1242;564.24;3238
1243;564.340952380952;3273
1244;564.441904761905;3128
1245;564.542857142857;3280
1246;564.64380952381;3330
1247;564.744761904762;3355
1248;564.845714285714;3349
1249;564.946666666667;3608
1250;565.047619047619;3416
1251;565.148571428571;3463
1252;565.249523809524;3409
1253;565.350476190476;3548
1254;565.451428571429;3405
1255;565.552380952381;3449
1256;565.653333333333;3635
1257;565.754285714286;3625
1258;565.855238095238;3636
1259;565.956190476191;3699
1260;566.057142857143;3653
1261;566.158095238095;3581
1262;566.259047619048;3723
1263;566.36;3734
1264;566.460952380952;3842
1265;566.561904761905;3730
1266;566.662857142857;3676
1267;566.76380952381;3690
1268;566.864761904762;3833
1269;566.965714285714;3831
1270;567.066666666667;3859
1271;567.167619047619;3846
1272;567.268571428571;4055
1273;567.369523809524;3996
1274;567.470476190476;3917
1275;567.571428571429;3943
1276;567.672380952381;4081
1277;567.773333333333;4081
1278;567.874285714286;3982
1279;567.975238095238;4089
1280;568.07619047619;4019
1281;568.177142857143;4166
1282;568.278095238095;4276
1283;568.379047619048;4259
1284;568.48;4108
1285;568.580952380952;4221
1286;568.681904761905;4317
1287;568.782857142857;4346
1288;568.88380952381;4358
1289;568.984761904762;4380
1290;569.085714285714;4434
1291;569.186666666667;4375
1292;569.287619047619;4313
1293;569.388571428571;4465
1294;569.489523809524;4414
1295;569.590476190476;4455
1296;569.691428571429;4569
1297;569.792380952381;4662
1298;569.893333333333;4677
1299;569.994285714286;4573
1300;570.095238095238;4631
1301;570.19619047619;4700
1302;570.297142857143;4731
1303;570.398095238095;4696
1304;570.499047619048;4691
1305;570.6;4698
1306;570.700952380952;4754
1307;570.801904761905;4823
1308;570.902857142857;4766
1309;571.00380952381;4778
1310;571.104761904762;4873
1311;571.205714285714;4903
1312;571.306666666667;4992
1313;571.407619047619;5040
1314;571.508571428571;5067
1315;571.609523809524;5157
1316;571.710476190476;5000
1317;571.811428571429;5142
1318;571.912380952381;5150
1319;572.013333333333;5160
1320;572.114285714286;5146
1321;572.215238095238;5134
1322;572.31619047619;5277
1323;572.417142857143;5153
1324;572.518095238095;5146
1325;572.619047619048;5367
1326;572.72;5327
1327;572.820952380952;5299
1328;572.921904761905;5310
1329;573.022857142857;5412
1330;573.12380952381;5404
1331;573.224761904762;5396
1332;573.325714285714;5418
1333;573.426666666667;5421
1334;573.527619047619;5386
1335;573.628571428571;5434
1336;573.729523809524;5518
1337;573.830476190476;5563
1338;573.931428571429;5564
1339;574.032380952381;5594
1340;574.133333333333;5553
1341;574.234285714286;5587
1342;574.335238095238;5728
1343;574.43619047619;5792
1344;574.537142857143;5707
1345;574.638095238095;5751
1346;574.739047619048;5750
1347;574.84;5866
1348;574.940952380952;5832
1349;575.041904761905;5777
1350;575.142857142857;5763
1351;575.24380952381;5859
1352;575.344761904762;5993
1353;575.445714285714;5942
1354;575.546666666667;5974
1355;575.647619047619;5975
1356;575.748571428571;5942
1357;575.849523809524;5920
1358;575.950476190476;6185
1359;576.051428571429;5979
1360;576.152380952381;6154
1361;576.253333333333;6061
1362;576.354285714286;6134
1363;576.455238095238;6327
1364;576.55619047619;6177
1365;576.657142857143;6221
1366;576.758095238095;6174
1367;576.859047619048;6503
1368;576.96;6282
1369;577.060952380952;6326
1370;577.161904761905;6393
1371;577.262857142857;6519
1372;577.363809523809;6523
1373;577.464761904762;6441
1374;577.565714285714;6544
1375;577.666666666667;6397
1376;577.767619047619;6473
1377;577.868571428571;6648
1378;577.969523809524;6620
1379;578.070476190476;6466
1380;578.171428571429;6570
1381;578.272380952381;6621
1382;578.373333333333;6806
1383;578.474285714286;6726
1384;578.575238095238;6529
1385;578.67619047619;6741
1386;578.777142857143;6662
1387;578.878095238095;6675
1388;578.979047619048;6687
1389;579.08;6798
1390;579.180952380952;6699
1391;579.281904761905;6847
1392;579.382857142857;6776
1393;579.483809523809;6681
1394;579.584761904762;6736
1395;579.685714285714;6770
1396;579.786666666667;6899
1397;579.887619047619;7104
1398;579.988571428571;6894
1399;580.089523809524;6996
1400;580.190476190476;7069
1401;580.291428571429;6911
1402;580.392380952381;7086
1403;580.493333333333;7133
1404;580.594285714286;7136
1405;580.695238095238;7032
1406;580.79619047619;7104
1407;580.897142857143;7123
1408;580.998095238095;7192
1409;581.099047619048;6964
1410;581.2;7204
1411;581.300952380952;7170
1412;581.401904761905;7180
1413;581.502857142857;7236
1414;581.603809523809;7160
1415;581.704761904762;7256
1416;581.805714285714;7343
1417;581.906666666667;7330
1418;582.007619047619;7334
1419;582.108571428571;7204
1420;582.209523809524;7264
1421;582.310476190476;7177
1422;582.411428571429;7127
1423;582.512380952381;7351
1424;582.613333333333;7374
1425;582.714285714286;7364
1426;582.815238095238;7367
1427;582.91619047619;7366
1428;583.017142857143;7409
1429;583.118095238095;7623
1430;583.219047619048;7388
1431;583.32;7332
1432;583.420952380952;7369
1433;583.521904761905;7542
1434;583.622857142857;7512
1435;583.723809523809;7612
1436;583.824761904762;7562
1437;583.925714285714;7552
1438;584.026666666667;7603
1439;584.127619047619;7450
1440;584.228571428571;7770
1441;584.329523809524;7709
1442;584.430476190476;7726
1443;584.531428571429;7643
1444;584.632380952381;7641
1445;584.733333333333;7651
1446;584.834285714286;7759
1447;584.935238095238;7547
1448;585.03619047619;7642
1449;585.137142857143;7708
1450;585.238095238095;7765
1451;585.339047619048;7800
1452;585.44;7922
1453;585.540952380952;7927
1454;585.641904761905;7668
1455;585.742857142857;7902
1456;585.843809523809;7876
1457;585.944761904762;7879
1458;586.045714285714;7860
1459;586.146666666667;7740
1460;586.247619047619;7969
1461;586.348571428571;7708
1462;586.449523809524;7866
1463;586.550476190476;7736
1464;586.651428571428;7992
1465;586.752380952381;7919
1466;586.853333333333;7810
1467;586.954285714286;7805
1468;587.055238095238;7980
1469;587.15619047619;8024
1470;587.257142857143;7875
1471;587.358095238095;7907
1472;587.459047619048;8024
1473;587.56;8078
1474;587.660952380952;8138
1475;587.761904761905;7964
1476;587.862857142857;8144
1477;587.963809523809;8016
1478;588.064761904762;8127
1479;588.165714285714;8231
1480;588.266666666667;8106
1481;588.367619047619;8084
1482;588.468571428571;7974
1483;588.569523809524;7976
1484;588.670476190476;8074
1485;588.771428571428;7983
1486;588.872380952381;8244
1487;588.973333333333;8129
1488;589.074285714286;8210
1489;589.175238095238;8161
1490;589.27619047619;7991
1491;589.377142857143;8278
1492;589.478095238095;8140
1493;589.579047619048;8211
1494;589.68;7996
1495;589.780952380952;8123
1496;589.881904761905;8183
1497;589.982857142857;8305
1498;590.083809523809;8178
1499;590.184761904762;8218
1500;590.285714285714;8105
1501;590.386666666667;8359
1502;590.487619047619;8234
1503;590.588571428571;8331
1504;590.689523809524;8251
1505;590.790476190476;8246
1506;590.891428571428;8290
1507;590.992380952381;8189
1508;591.093333333333;8284
1509;591.194285714286;8263
1510;591.295238095238;8381
1511;591.39619047619;8265
1512;591.497142857143;8186
1513;591.598095238095;8160
1514;591.699047619048;8395
1515;591.8;8310
1516;591.900952380952;8410
1517;592.001904761905;8289
1518;592.102857142857;8382
1519;592.203809523809;8404
1520;592.304761904762;8253
1521;592.405714285714;8443
1522;592.506666666667;8333
1523;592.607619047619;8165
1524;592.708571428571;8352
1525;592.809523809524;8376
1526;592.910476190476;8374
1527;593.011428571428;8424
1528;593.112380952381;8301
1529;593.213333333333;8402
1530;593.314285714286;8234
1531;593.415238095238;8325
1532;593.51619047619;8448
1533;593.617142857143;8193
1534;593.718095238095;8433
1535;593.819047619048;8313
1536;593.92;8472
1537;594.020952380952;8432
1538;594.121904761905;8358
1539;594.222857142857;8202
1540;594.323809523809;8356
1541;594.424761904762;8530
1542;594.525714285714;8154
1543;594.626666666667;8395
1544;594.727619047619;8341
1545;594.828571428571;8314
1546;594.929523809524;8451
1547;595.030476190476;8355
1548;595.131428571429;8341
1549;595.232380952381;8268
1550;595.333333333333;8303
1551;595.434285714286;8336
1552;595.535238095238;8398
1553;595.63619047619;8302
1554;595.737142857143;8394
1555;595.838095238095;8409
1556;595.939047619048;8496
1557;596.04;8377
1558;596.140952380952;8507
1559;596.241904761905;8211
1560;596.342857142857;8439
1561;596.443809523809;8426
1562;596.544761904762;8452
1563;596.645714285714;8332
1564;596.746666666667;8376
1565;596.847619047619;8311
1566;596.948571428571;8279
1567;597.049523809524;8328
1568;597.150476190476;8318
1569;597.251428571429;8468
1570;597.352380952381;8217
1571;597.453333333333;8391
1572;597.554285714286;8438
1573;597.655238095238;8371
1574;597.75619047619;8146
1575;597.857142857143;8303
1576;597.958095238095;8382
1577;598.059047619048;8281
1578;598.16;8254
1579;598.260952380952;8303
1580;598.361904761905;8342
1581;598.462857142857;8423
1582;598.563809523809;8334
1583;598.664761904762;8299
1584;598.765714285714;8229
1585;598.866666666667;8323
1586;598.967619047619;8306
1587;599.068571428571;8153
1588;599.169523809524;8163
1589;599.270476190476;8272
1590;599.371428571429;8191
1591;599.472380952381;8209
1592;599.573333333333;8421
1593;599.674285714286;8227
1594;599.775238095238;8266
1595;599.87619047619;8230
1596;599.977142857143;8011
1597;600.078095238095;7987
1598;600.179047619048;8255
1599;600.28;8245
1600;600.380952380952;8243
1601;600.481904761905;8211
1602;600.582857142857;8219
1603;600.683809523809;8095
1604;600.784761904762;8025
1605;600.885714285714;8249
1606;600.986666666667;8160
1607;601.087619047619;8197
1608;601.188571428571;8137
1609;601.289523809524;8150
1610;601.390476190476;7972
1611;601.491428571429;7938
1612;601.592380952381;8174
1613;601.693333333333;7932
1614;601.794285714286;8103
1615;601.895238095238;8066
1616;601.99619047619;8131
1617;602.097142857143;8111
1618;602.198095238095;8004
1619;602.299047619048;8129
1620;602.4;8057
1621;602.500952380952;7964
1622;602.601904761905;7992
1623;602.702857142857;8114
1624;602.803809523809;8104
1625;602.904761904762;7944
1626;603.005714285714;8048
1627;603.106666666667;7886
1628;603.207619047619;7885
1629;603.308571428571;8076
1630;603.409523809524;8012
1631;603.510476190476;8022
1632;603.611428571429;7841
1633;603.712380952381;8021
1634;603.813333333333;7968
1635;603.914285714286;8056
1636;604.015238095238;7979
1637;604.11619047619;7936
1638;604.217142857143;8017
1639;604.318095238095;7734
1640;604.419047619048;7778
1641;604.52;7800
1642;604.620952380952;7788
1643;604.721904761905;7824
1644;604.822857142857;7797
1645;604.923809523809;7921
1646;605.024761904762;7660
1647;605.125714285714;7776
1648;605.226666666667;7730
1649;605.327619047619;7754
1650;605.428571428571;7845
1651;605.529523809524;7784
1652;605.630476190476;7658
1653;605.731428571429;7703
1654;605.832380952381;7613
1655;605.933333333333;7561
1656;606.034285714286;7642
1657;606.135238095238;7711
1658;606.23619047619;7582
1659;606.337142857143;7792
1660;606.438095238095;7639
1661;606.539047619048;7727
1662;606.64;7798
1663;606.740952380952;7611
1664;606.841904761905;7642
1665;606.942857142857;7550
1666;607.04380952381;7647
1667;607.144761904762;7623
1668;607.245714285714;7660
1669;607.346666666667;7589
1670;607.447619047619;7679
1671;607.548571428571;7590
1672;607.649523809524;7429
1673;607.750476190476;7610
1674;607.851428571429;7544
1675;607.952380952381;7470
1676;608.053333333333;7327
1677;608.154285714286;7495
1678;608.255238095238;7475
1679;608.35619047619;7544
1680;608.457142857143;7419
1681;608.558095238095;7510
1682;608.659047619048;7360
1683;608.76;7397
1684;608.860952380952;7282
1685;608.961904761905;7324
1686;609.062857142857;7473
1687;609.16380952381;7376
1688;609.264761904762;7544
1689;609.365714285714;7389
1690;609.466666666667;7322
1691;609.567619047619;7160
1692;609.668571428571;7266
1693;609.769523809524;7202
1694;609.870476190476;7258
1695;609.971428571429;7283
1696;610.072380952381;7286
1697;610.173333333333;7299
1698;610.274285714286;7203
1699;610.375238095238;7221
1700;610.47619047619;7205
1701;610.577142857143;7129
1702;610.678095238095;7192
1703;610.779047619048;7303
1704;610.88;7200
1705;610.980952380952;7020
1706;611.081904761905;7112
1707;611.182857142857;7224
1708;611.28380952381;7092
1709;611.384761904762;7086
1710;611.485714285714;6964
1711;611.586666666667;6856
1712;611.687619047619;7018
1713;611.788571428571;7056
1714;611.889523809524;6933
1715;611.990476190476;6832
1716;612.091428571429;6938
1717;612.192380952381;6839
1718;612.293333333333;6956
1719;612.394285714286;6971
1720;612.495238095238;6840
1721;612.59619047619;6895
1722;612.697142857143;6964
1723;612.798095238095;6898
1724;612.899047619048;6917
1725;613;6956
1726;613.100952380952;6775
1727;613.201904761905;6756
1728;613.302857142857;6913
1729;613.40380952381;6888
1730;613.504761904762;6764
1731;613.605714285714;6706
1732;613.706666666667;6844
1733;613.807619047619;6628
1734;613.908571428571;6700
1735;614.009523809524;6604
1736;614.110476190476;6857
1737;614.211428571429;6698
1738;614.312380952381;6642
1739;614.413333333333;6562
1740;614.514285714286;6560
1741;614.615238095238;6573
1742;614.71619047619;6519
1743;614.817142857143;6459
1744;614.918095238095;6657
1745;615.019047619048;6486
1746;615.12;6530
1747;615.220952380952;6668
1748;615.321904761905;6649
1749;615.422857142857;6535
1750;615.52380952381;6507
1751;615.624761904762;6349
1752;615.725714285714;6340
1753;615.826666666667;6601
1754;615.927619047619;6668
1755;616.028571428571;6444
1756;616.129523809524;6282
1757;616.230476190476;6336
1758;616.331428571429;6489
1759;616.432380952381;6358
1760;616.533333333333;6430
1761;616.634285714286;6087
1762;616.735238095238;6430
1763;616.83619047619;6333
1764;616.937142857143;6289
1765;617.038095238095;6369
1766;617.139047619048;6350
1767;617.24;6289
1768;617.340952380952;6281
1769;617.441904761905;6173
1770;617.542857142857;6131
1771;617.64380952381;6229
1772;617.744761904762;6155
1773;617.845714285714;6070
1774;617.946666666667;6203
1775;618.047619047619;6146
1776;618.148571428571;6135
1777;618.249523809524;6072
1778;618.350476190476;6227
1779;618.451428571429;6076
1780;618.552380952381;6127
1781;618.653333333333;5932
1782;618.754285714286;6006
1783;618.855238095238;5906
1784;618.95619047619;6032
1785;619.057142857143;6047
1786;619.158095238095;5806
1787;619.259047619048;5901
1788;619.36;5921
1789;619.460952380952;5764
1790;619.561904761905;5910
1791;619.662857142857;5725
1792;619.76380952381;5834
1793;619.864761904762;5890
1794;619.965714285714;5882
1795;620.066666666667;5827
1796;620.167619047619;5758
1797;620.268571428571;5645
1798;620.369523809524;5891
1799;620.470476190476;5713
1800;620.571428571429;5673
1801;620.672380952381;5639
1802;620.773333333333;5577
1803;620.874285714286;5525
1804;620.975238095238;5542
1805;621.07619047619;5829
1806;621.177142857143;5648
1807;621.278095238095;5719
1808;621.379047619048;5700
1809;621.48;5605
1810;621.580952380952;5632
1811;621.681904761905;5638
1812;621.782857142857;5669
1813;621.88380952381;5432
1814;621.984761904762;5630
1815;622.085714285714;5432
1816;622.186666666667;5527
1817;622.287619047619;5517
1818;622.388571428571;5388
1819;622.489523809524;5591
1820;622.590476190476;5476
1821;622.691428571429;5447
1822;622.792380952381;5388
1823;622.893333333333;5414
1824;622.994285714286;5458
1825;623.095238095238;5370
1826;623.19619047619;5359
1827;623.297142857143;5290
1828;623.398095238095;5263
1829;623.499047619048;5323
1830;623.6;5257
1831;623.700952380952;5359
1832;623.801904761905;5145
1833;623.902857142857;5218
1834;624.00380952381;5298
1835;624.104761904762;5160
1836;624.205714285714;5180
1837;624.306666666667;5209
1838;624.407619047619;5167
1839;624.508571428571;5147
1840;624.609523809524;5084
1841;624.710476190476;5098
1842;624.811428571429;5065
1843;624.912380952381;5017
1844;625.013333333333;5027
1845;625.114285714286;5010
1846;625.215238095238;4911
1847;625.31619047619;5002
1848;625.417142857143;5059
1849;625.518095238095;4988
1850;625.619047619048;5059
1851;625.72;4902
1852;625.820952380952;4877
1853;625.921904761905;4900
1854;626.022857142857;4746
1855;626.12380952381;4847
1856;626.224761904762;4911
1857;626.325714285714;4947
1858;626.426666666667;4806
1859;626.527619047619;4825
1860;626.628571428571;4725
1861;626.729523809524;4763
1862;626.830476190476;4771
1863;626.931428571429;4823
1864;627.032380952381;4850
1865;627.133333333333;4843
1866;627.234285714286;4711
1867;627.335238095238;4789
1868;627.43619047619;4814
1869;627.537142857143;4735
1870;627.638095238095;4651
1871;627.739047619048;4687
1872;627.84;4695
1873;627.940952380952;4691
1874;628.041904761905;4585
1875;628.142857142857;4735
1876;628.243809523809;4484
1877;628.344761904762;4632
1878;628.445714285714;4583
1879;628.546666666667;4513
1880;628.647619047619;4409
1881;628.748571428571;4562
1882;628.849523809524;4496
1883;628.950476190476;4277
1884;629.051428571429;4438
1885;629.152380952381;4454
1886;629.253333333333;4313
1887;629.354285714286;4404
1888;629.455238095238;4550
1889;629.55619047619;4359
1890;629.657142857143;4265
1891;629.758095238095;4464
1892;629.859047619048;4316
1893;629.96;4181
1894;630.060952380952;4426
1895;630.161904761905;4288
1896;630.262857142857;4286
1897;630.363809523809;4322
1898;630.464761904762;4229
1899;630.565714285714;4319
1900;630.666666666667;4228
1901;630.767619047619;4231
1902;630.868571428571;4087
1903;630.969523809524;4273
1904;631.070476190476;4311
1905;631.171428571429;4192
1906;631.272380952381;4156
1907;631.373333333333;4210
1908;631.474285714286;4184
1909;631.575238095238;4134
1910;631.67619047619;4168
1911;631.777142857143;4100
1912;631.878095238095;4073
1913;631.979047619048;4058
1914;632.08;4093
1915;632.180952380952;3950
1916;632.281904761905;3918
1917;632.382857142857;4092
1918;632.483809523809;3951
1919;632.584761904762;3984
1920;632.685714285714;3953
1921;632.786666666667;3933
1922;632.887619047619;3922
1923;632.988571428571;3994
1924;633.089523809524;3894
1925;633.190476190476;3969
1926;633.291428571429;4004
1927;633.392380952381;3759
1928;633.493333333333;3909
1929;633.594285714286;3759
1930;633.695238095238;3896
1931;633.79619047619;3834
1932;633.897142857143;3846
1933;633.998095238095;3852
1934;634.099047619048;3783
1935;634.2;3882
1936;634.300952380952;3739
1937;634.401904761905;3565
1938;634.502857142857;3784
1939;634.603809523809;3763
1940;634.704761904762;3635
1941;634.805714285714;3706
1942;634.906666666667;3731
1943;635.007619047619;3528
1944;635.108571428571;3666
1945;635.209523809524;3643
1946;635.310476190476;3633
1947;635.411428571429;3705
1948;635.512380952381;3482
1949;635.613333333333;3607
1950;635.714285714286;3628
1951;635.815238095238;3491
1952;635.91619047619;3691
1953;636.017142857143;3659
1954;636.118095238095;3453
1955;636.219047619048;3608
1956;636.32;3525
1957;636.420952380952;3536
1958;636.521904761905;3529
1959;636.622857142857;3416
1960;636.723809523809;3426
1961;636.824761904762;3388
1962;636.925714285714;3400
1963;637.026666666667;3454
1964;637.127619047619;3426
1965;637.228571428571;3449
1966;637.329523809524;3420
1967;637.430476190476;3406
1968;637.531428571429;3259
1969;637.632380952381;3261
1970;637.733333333333;3325
1971;637.834285714286;3220
1972;637.935238095238;3357
1973;638.03619047619;3205
1974;638.137142857143;3286
1975;638.238095238095;3355
1976;638.339047619048;3406
1977;638.44;3265
1978;638.540952380952;3322
1979;638.641904761905;3233
1980;638.742857142857;3243
1981;638.843809523809;3187
1982;638.944761904762;3202
1983;639.045714285714;3213
1984;639.146666666667;3292
1985;639.247619047619;3080
1986;639.348571428571;3234
1987;639.449523809524;3123
1988;639.550476190476;2970
1989;639.651428571428;3088
1990;639.752380952381;3156
1991;639.853333333333;2961
1992;639.954285714286;3049
1993;640.055238095238;3073
1994;640.15619047619;3082
1995;640.257142857143;3078
1996;640.358095238095;3118
1997;640.459047619048;3044
1998;640.56;3183
1999;640.660952380952;2913
2000;640.761904761905;2941
2001;640.862857142857;2963
2002;640.963809523809;3036
2003;641.064761904762;2897
2004;641.165714285714;2907
2005;641.266666666667;3004
2006;641.367619047619;2951
2007;641.468571428571;2986
2008;641.569523809524;2813
2009;641.670476190476;2839
2010;641.771428571428;2926
2011;641.872380952381;2818
2012;641.973333333333;2845
2013;642.074285714286;3013
2014;642.175238095238;2921
2015;642.27619047619;2703
2016;642.377142857143;2869
2017;642.478095238095;2841
2018;642.579047619048;2743
2019;642.68;2850
2020;642.780952380952;2831
2021;642.881904761905;2739
2022;642.982857142857;2791
2023;643.083809523809;2792
2024;643.184761904762;2911
2025;643.285714285714;2874
2026;643.386666666667;2720
2027;643.487619047619;2832
2028;643.588571428571;2738
2029;643.689523809524;2759
2030;643.790476190476;2707
2031;643.891428571428;2578
2032;643.992380952381;2728
2033;644.093333333333;2613
2034;644.194285714286;2668
2035;644.295238095238;2555
2036;644.39619047619;2721
2037;644.497142857143;2824
2038;644.598095238095;2484
2039;644.699047619048;2590
2040;644.8;2622
2041;644.900952380952;2547
2042;645.001904761905;2530
2043;645.102857142857;2472
2044;645.203809523809;2569
2045;645.304761904762;2627
2046;645.405714285714;2462
2047;645.506666666667;2523

