0;438.857142857143;444
1;438.958095238095;512
2;439.059047619048;663
3;439.16;376
4;439.260952380952;511
5;439.361904761905;518
6;439.462857142857;504
7;439.563809523809;541
8;439.664761904762;652
9;439.765714285714;559
10;439.866666666667;659
11;439.967619047619;662
12;440.068571428571;788
13;440.169523809524;748
14;440.270476190476;709
15;440.371428571429;779
16;440.472380952381;763
17;440.573333333333;764
18;440.674285714286;892
19;440.775238095238;748
20;440.87619047619;759
21;440.977142857143;693
22;441.078095238095;976
23;441.179047619048;838
24;441.28;1118
25;441.380952380952;935
26;441.481904761905;1060
27;441.582857142857;842
28;441.683809523809;843
29;441.784761904762;969
30;441.885714285714;989
31;441.986666666667;1044
32;442.087619047619;1077
33;442.188571428571;925
34;442.289523809524;1224
35;442.390476190476;1140
36;442.491428571429;1164
37;442.592380952381;1292
38;442.693333333333;1216
39;442.794285714286;1142
40;442.895238095238;1312
41;442.99619047619;1112
42;443.097142857143;1212
43;443.198095238095;1514
44;443.299047619048;1511
45;443.4;1282
46;443.500952380952;1340
47;443.601904761905;1428
48;443.702857142857;1513
49;443.803809523809;1611
50;443.904761904762;1459
51;444.005714285714;1578
52;444.106666666667;1640
53;444.207619047619;1532
54;444.308571428571;1603
55;444.409523809524;1715
56;444.510476190476;1579
57;444.611428571429;1734
58;444.712380952381;1870
59;444.813333333333;1783
60;444.914285714286;1747
61;445.015238095238;1785
62;445.11619047619;1967
63;445.217142857143;2015
64;445.318095238095;1877
65;445.419047619048;1969
66;445.52;2156
67;445.620952380952;2053
68;445.721904761905;2173
69;445.822857142857;2092
70;445.923809523809;2072
71;446.024761904762;2268
72;446.125714285714;2144
73;446.226666666667;2296
74;446.327619047619;2124
75;446.428571428571;2412
76;446.529523809524;2370
77;446.630476190476;2436
78;446.731428571429;2596
79;446.832380952381;2674
80;446.933333333333;2654
81;447.034285714286;2675
82;447.135238095238;2762
83;447.23619047619;2764
84;447.337142857143;2739
85;447.438095238095;2891
86;447.539047619048;2755
87;447.64;2797
88;447.740952380952;2748
89;447.841904761905;2943
90;447.942857142857;2795
91;448.04380952381;2911
92;448.144761904762;3130
93;448.245714285714;3078
94;448.346666666667;3147
95;448.447619047619;3347
96;448.548571428571;3319
97;448.649523809524;3451
98;448.750476190476;3449
99;448.851428571429;3275
100;448.952380952381;3419
101;449.053333333333;3435
102;449.154285714286;3609
103;449.255238095238;3388
104;449.35619047619;3623
105;449.457142857143;3653
106;449.558095238095;3723
107;449.659047619048;3758
108;449.76;3784
109;449.860952380952;3825
110;449.961904761905;3936
111;450.062857142857;3883
112;450.16380952381;4021
113;450.264761904762;4036
114;450.365714285714;4106
115;450.466666666667;4150
116;450.567619047619;4303
117;450.668571428571;4290
118;450.769523809524;4182
119;450.870476190476;4103
120;450.971428571429;4237
121;451.072380952381;4311
122;451.173333333333;4299
123;451.274285714286;4649
124;451.375238095238;4609
125;451.47619047619;4640
126;451.577142857143;4671
127;451.678095238095;4727
128;451.779047619048;4712
129;451.88;4662
130;451.980952380952;4518
131;452.081904761905;4689
132;452.182857142857;4705
133;452.28380952381;4720
134;452.384761904762;4839
135;452.485714285714;4843
136;452.586666666667;5070
137;452.687619047619;4848
138;452.788571428571;5140
139;452.889523809524;4955
140;452.990476190476;5071
141;453.091428571429;5271
142;453.192380952381;5036
143;453.293333333333;4946
144;453.394285714286;5191
145;453.495238095238;5295
146;453.59619047619;5197
147;453.697142857143;5180
148;453.798095238095;5229
149;453.899047619048;4965
150;454;5235
151;454.100952380952;4954
152;454.201904761905;4662
153;454.302857142857;4938
154;454.40380952381;4940
155;454.504761904762;5173
156;454.605714285714;5293
157;454.706666666667;5453
158;454.807619047619;5381
159;454.908571428571;5228
160;455.009523809524;5340
161;455.110476190476;5554
162;455.211428571429;5572
163;455.312380952381;5580
164;455.413333333333;5368
165;455.514285714286;5530
166;455.615238095238;5591
167;455.71619047619;5556
168;455.817142857143;5544
169;455.918095238095;5612
170;456.019047619048;5477
171;456.12;5391
172;456.220952380952;5772
173;456.321904761905;5564
174;456.422857142857;5628
175;456.52380952381;5310
176;456.624761904762;5737
177;456.725714285714;5728
178;456.826666666667;5504
179;456.927619047619;5474
180;457.028571428571;5527
181;457.129523809524;5402
182;457.230476190476;5626
183;457.331428571429;5580
184;457.432380952381;5655
185;457.533333333333;5271
186;457.634285714286;5405
187;457.735238095238;5721
188;457.83619047619;5624
189;457.937142857143;5655
190;458.038095238095;5653
191;458.139047619048;5396
192;458.24;5586
193;458.340952380952;5556
194;458.441904761905;5475
195;458.542857142857;5238
196;458.64380952381;5452
197;458.744761904762;5381
198;458.845714285714;5498
199;458.946666666667;5467
200;459.047619047619;5529
201;459.148571428571;5496
202;459.249523809524;5504
203;459.350476190476;5237
204;459.451428571429;5531
205;459.552380952381;5600
206;459.653333333333;5454
207;459.754285714286;5462
208;459.855238095238;5578
209;459.95619047619;5393
210;460.057142857143;5444
211;460.158095238095;5341
212;460.259047619048;5375
213;460.36;5303
214;460.460952380952;5182
215;460.561904761905;5370
216;460.662857142857;5340
217;460.763809523809;5191
218;460.864761904762;5159
219;460.965714285714;5229
220;461.066666666667;5367
221;461.167619047619;5336
222;461.268571428571;5131
223;461.369523809524;5157
224;461.470476190476;5064
225;461.571428571429;5139
226;461.672380952381;5236
227;461.773333333333;5015
228;461.874285714286;5436
229;461.975238095238;5074
230;462.07619047619;5065
231;462.177142857143;5252
232;462.278095238095;5233
233;462.379047619048;5228
234;462.48;4725
235;462.580952380952;4980
236;462.681904761905;5088
237;462.782857142857;5274
238;462.883809523809;5160
239;462.984761904762;5194
240;463.085714285714;5190
241;463.186666666667;4982
242;463.287619047619;5227
243;463.388571428571;5120
244;463.489523809524;5225
245;463.590476190476;4889
246;463.691428571429;4987
247;463.792380952381;4999
248;463.893333333333;4910
249;463.994285714286;4936
250;464.095238095238;5048
251;464.19619047619;5069
252;464.297142857143;5097
253;464.398095238095;5087
254;464.499047619048;4960
255;464.6;4854
256;464.700952380952;4966
257;464.801904761905;4910
258;464.902857142857;4751
259;465.003809523809;4904
260;465.104761904762;4815
261;465.205714285714;4889
262;465.306666666667;4723
263;465.407619047619;4653
264;465.508571428571;4970
265;465.609523809524;4981
266;465.710476190476;4956
267;465.811428571429;4713
268;465.912380952381;4812
269;466.013333333333;4821
270;466.114285714286;4608
271;466.215238095238;4852
272;466.31619047619;4940
273;466.417142857143;4660
274;466.518095238095;4814
275;466.619047619048;4880
276;466.72;4914
277;466.820952380952;4736
278;466.921904761905;4970
279;467.022857142857;4861
280;467.123809523809;4698
281;467.224761904762;4973
282;467.325714285714;4586
283;467.426666666667;4741
284;467.527619047619;4788
285;467.628571428571;4837
286;467.729523809524;4864
287;467.830476190476;4901
288;467.931428571429;4846
289;468.032380952381;4744
290;468.133333333333;4598
291;468.234285714286;4702
292;468.335238095238;4654
293;468.43619047619;4851
294;468.537142857143;4910
295;468.638095238095;4731
296;468.739047619048;4813
297;468.84;4875
298;468.940952380952;4601
299;469.041904761905;4733
300;469.142857142857;4817
301;469.243809523809;4648
302;469.344761904762;4805
303;469.445714285714;4612
304;469.546666666667;4808
305;469.647619047619;4796
306;469.748571428571;4886
307;469.849523809524;4796
308;469.950476190476;4842
309;470.051428571429;4618
310;470.152380952381;4560
311;470.253333333333;4595
312;470.354285714286;4748
313;470.455238095238;4791
314;470.55619047619;4733
315;470.657142857143;4762
316;470.758095238095;4499
317;470.859047619048;4526
318;470.96;4381
319;471.060952380952;4610
320;471.161904761905;4405
321;471.262857142857;4651
322;471.363809523809;4589
323;471.464761904762;4426
324;471.565714285714;4655
325;471.666666666667;4434
326;471.767619047619;4499
327;471.868571428571;4686
328;471.969523809524;4477
329;472.070476190476;4663
330;472.171428571429;4429
331;472.272380952381;4335
332;472.373333333333;4523
333;472.474285714286;4398
334;472.575238095238;4509
335;472.67619047619;4448
336;472.777142857143;4613
337;472.878095238095;4485
338;472.979047619048;4391
339;473.08;4512
340;473.180952380952;4584
341;473.281904761905;4558
342;473.382857142857;4292
343;473.483809523809;4465
344;473.584761904762;4412
345;473.685714285714;4400
346;473.786666666667;4099
347;473.887619047619;4140
348;473.988571428571;4218
349;474.089523809524;4354
350;474.190476190476;4168
351;474.291428571429;4351
352;474.392380952381;4416
353;474.493333333333;4373
354;474.594285714286;4351
355;474.695238095238;4144
356;474.79619047619;4421
357;474.897142857143;4088
358;474.998095238095;4224
359;475.099047619048;4323
360;475.2;4112
361;475.300952380952;4214
362;475.401904761905;4198
363;475.502857142857;4290
364;475.60380952381;4031
365;475.704761904762;4270
366;475.805714285714;4093
367;475.906666666667;4243
368;476.007619047619;4173
369;476.108571428571;3983
370;476.209523809524;3941
371;476.310476190476;4042
372;476.411428571429;4247
373;476.512380952381;4222
374;476.613333333333;3953
375;476.714285714286;3898
376;476.815238095238;4291
377;476.91619047619;3935
378;477.017142857143;3959
379;477.118095238095;4200
380;477.219047619048;3899
381;477.32;3865
382;477.420952380952;3987
383;477.521904761905;4117
384;477.622857142857;4034
385;477.72380952381;3929
386;477.824761904762;3734
387;477.925714285714;3819
388;478.026666666667;3932
389;478.127619047619;3891
390;478.228571428571;4048
391;478.329523809524;3949
392;478.430476190476;3869
393;478.531428571429;3848
394;478.632380952381;3683
395;478.733333333333;4144
396;478.834285714286;3972
397;478.935238095238;3766
398;479.03619047619;3834
399;479.137142857143;3785
400;479.238095238095;4050
401;479.339047619048;3744
402;479.44;3727
403;479.540952380952;3613
404;479.641904761905;3824
405;479.742857142857;3713
406;479.84380952381;4080
407;479.944761904762;3773
408;480.045714285714;3864
409;480.146666666667;3846
410;480.247619047619;3770
411;480.348571428571;3814
412;480.449523809524;3684
413;480.550476190476;3870
414;480.651428571429;3469
415;480.752380952381;3767
416;480.853333333333;3817
417;480.954285714286;3670
418;481.055238095238;3939
419;481.15619047619;3702
420;481.257142857143;3685
421;481.358095238095;3782
422;481.459047619048;3691
423;481.56;3753
424;481.660952380952;3721
425;481.761904761905;3748
426;481.862857142857;3651
427;481.96380952381;3765
428;482.064761904762;3850
429;482.165714285714;3806
430;482.266666666667;3758
431;482.367619047619;3677
432;482.468571428571;3748
433;482.569523809524;3601
434;482.670476190476;3541
435;482.771428571429;3663
436;482.872380952381;3564
437;482.973333333333;3704
438;483.074285714286;3680
439;483.175238095238;3492
440;483.27619047619;3635
441;483.377142857143;3864
442;483.478095238095;3824
443;483.579047619048;3618
444;483.68;3678
445;483.780952380952;3675
446;483.881904761905;3604
447;483.982857142857;3636
448;484.08380952381;3657
449;484.184761904762;3607
450;484.285714285714;3585
451;484.386666666667;3742
452;484.487619047619;3636
453;484.588571428571;3524
454;484.689523809524;3721
455;484.790476190476;3548
456;484.891428571429;3667
457;484.992380952381;3576
458;485.093333333333;3782
459;485.194285714286;3738
460;485.295238095238;3648
461;485.39619047619;3779
462;485.497142857143;3932
463;485.598095238095;3643
464;485.699047619048;3567
465;485.8;3610
466;485.900952380952;3613
467;486.001904761905;3680
468;486.102857142857;3441
469;486.203809523809;3673
470;486.304761904762;3829
471;486.405714285714;3948
472;486.506666666667;3810
473;486.607619047619;3532
474;486.708571428571;3784
475;486.809523809524;3622
476;486.910476190476;3584
477;487.011428571429;3751
478;487.112380952381;3636
479;487.213333333333;3718
480;487.314285714286;3693
481;487.415238095238;3662
482;487.51619047619;3687
483;487.617142857143;3594
484;487.718095238095;3709
485;487.819047619048;3936
486;487.92;3719
487;488.020952380952;3829
488;488.121904761905;3581
489;488.222857142857;3704
490;488.323809523809;3872
491;488.424761904762;3487
492;488.525714285714;3630
493;488.626666666667;3626
494;488.727619047619;3616
495;488.828571428571;3846
496;488.929523809524;3763
497;489.030476190476;3675
498;489.131428571429;3891
499;489.232380952381;3664
500;489.333333333333;3469
501;489.434285714286;3757
502;489.535238095238;3597
503;489.63619047619;3597
504;489.737142857143;3750
505;489.838095238095;3752
506;489.939047619048;3660
507;490.04;3860
508;490.140952380952;3910
509;490.241904761905;3735
510;490.342857142857;3694
511;490.443809523809;3776
512;490.544761904762;3750
513;490.645714285714;3841
514;490.746666666667;3837
515;490.847619047619;3529
516;490.948571428571;3800
517;491.049523809524;3595
518;491.150476190476;3926
519;491.251428571429;3784
520;491.352380952381;3830
521;491.453333333333;3940
522;491.554285714286;3981
523;491.655238095238;3853
524;491.75619047619;4050
525;491.857142857143;3871
526;491.958095238095;3816
527;492.059047619048;4138
528;492.16;3838
529;492.260952380952;3853
530;492.361904761905;3809
531;492.462857142857;3892
532;492.563809523809;3913
533;492.664761904762;4057
534;492.765714285714;4038
535;492.866666666667;3908
536;492.967619047619;3822
537;493.068571428571;4084
538;493.169523809524;3882
539;493.270476190476;3901
540;493.371428571429;3876
541;493.472380952381;4007
542;493.573333333333;4162
543;493.674285714286;4121
544;493.775238095238;4142
545;493.87619047619;4116
546;493.977142857143;4329
547;494.078095238095;4237
548;494.179047619048;4126
549;494.28;4199
550;494.380952380952;4146
551;494.481904761905;4006
552;494.582857142857;4100
553;494.683809523809;4045
554;494.784761904762;4311
555;494.885714285714;4019
556;494.986666666667;4369
557;495.087619047619;4234
558;495.188571428571;4460
559;495.289523809524;4321
560;495.390476190476;4465
561;495.491428571429;4196
562;495.592380952381;4371
563;495.693333333333;4282
564;495.794285714286;4440
565;495.895238095238;4274
566;495.99619047619;4346
567;496.097142857143;4229
568;496.198095238095;4535
569;496.299047619048;4384
570;496.4;4049
571;496.500952380952;4273
572;496.601904761905;4340
573;496.702857142857;4447
574;496.803809523809;4492
575;496.904761904762;4408
576;497.005714285714;4662
577;497.106666666667;4608
578;497.207619047619;4563
579;497.308571428571;4514
580;497.409523809524;4496
581;497.510476190476;4495
582;497.611428571429;4540
583;497.712380952381;4691
584;497.813333333333;4645
585;497.914285714286;4744
586;498.015238095238;4695
587;498.11619047619;4738
588;498.217142857143;4783
589;498.318095238095;4750
590;498.419047619048;4806
591;498.52;4841
592;498.620952380952;4763
593;498.721904761905;4885
594;498.822857142857;4895
595;498.923809523809;4773
596;499.024761904762;4814
597;499.125714285714;4959
598;499.226666666667;4810
599;499.327619047619;5067
600;499.428571428571;4888
601;499.529523809524;4911
602;499.630476190476;5055
603;499.731428571429;4851
604;499.832380952381;5109
605;499.933333333333;5124
606;500.034285714286;5221
607;500.135238095238;5163
608;500.23619047619;5219
609;500.337142857143;5180
610;500.438095238095;5268
611;500.539047619048;5238
612;500.64;5283
613;500.740952380952;5373
614;500.841904761905;5258
615;500.942857142857;5216
616;501.04380952381;5305
617;501.144761904762;5197
618;501.245714285714;5196
619;501.346666666667;5435
620;501.447619047619;5392
621;501.548571428571;5374
622;501.649523809524;5308
623;501.750476190476;5474
624;501.851428571429;5811
625;501.952380952381;5380
626;502.053333333333;5529
627;502.154285714286;5580
628;502.255238095238;5517
629;502.35619047619;5521
630;502.457142857143;5576
631;502.558095238095;5758
632;502.659047619048;5584
633;502.76;5718
634;502.860952380952;5736
635;502.961904761905;5658
636;503.062857142857;5919
637;503.16380952381;5792
638;503.264761904762;5691
639;503.365714285714;5912
640;503.466666666667;6027
641;503.567619047619;5869
642;503.668571428571;5902
643;503.769523809524;5905
644;503.870476190476;5928
645;503.971428571429;5861
646;504.072380952381;5982
647;504.173333333333;5995
648;504.274285714286;5964
649;504.375238095238;6128
650;504.47619047619;6266
651;504.577142857143;6255
652;504.678095238095;6339
653;504.779047619048;6024
654;504.88;6266
655;504.980952380952;6065
656;505.081904761905;6449
657;505.182857142857;6625
658;505.28380952381;6334
659;505.384761904762;6331
660;505.485714285714;6558
661;505.586666666667;6488
662;505.687619047619;6492
663;505.788571428571;6317
664;505.889523809524;6541
665;505.990476190476;6569
666;506.091428571429;6626
667;506.192380952381;6720
668;506.293333333333;6624
669;506.394285714286;6532
670;506.495238095238;6770
671;506.59619047619;6725
672;506.697142857143;6550
673;506.798095238095;6904
674;506.899047619048;6928
675;507;6769
676;507.100952380952;6986
677;507.201904761905;6817
678;507.302857142857;6882
679;507.40380952381;6704
680;507.504761904762;7116
681;507.605714285714;6865
682;507.706666666667;6920
683;507.807619047619;6969
684;507.908571428571;6836
685;508.009523809524;7136
686;508.110476190476;7154
687;508.211428571429;7030
688;508.312380952381;7328
689;508.413333333333;7026
690;508.514285714286;7238
691;508.615238095238;6993
692;508.71619047619;6917
693;508.817142857143;7346
694;508.918095238095;7377
695;509.019047619048;7245
696;509.12;7490
697;509.220952380952;7288
698;509.321904761905;7205
699;509.422857142857;7210
700;509.52380952381;7268
701;509.624761904762;7341
702;509.725714285714;7582
703;509.826666666667;7528
704;509.927619047619;7491
705;510.028571428571;7530
706;510.129523809524;7778
707;510.230476190476;7663
708;510.331428571429;7608
709;510.432380952381;7485
710;510.533333333333;7735
711;510.634285714286;7875
712;510.735238095238;7783
713;510.83619047619;7926
714;510.937142857143;7700
715;511.038095238095;7963
716;511.139047619048;7743
717;511.24;7771
718;511.340952380952;7739
719;511.441904761905;7906
720;511.542857142857;8011
721;511.64380952381;8051
722;511.744761904762;8003
723;511.845714285714;8239
724;511.946666666667;7987
725;512.047619047619;8111
726;512.148571428571;8301
727;512.249523809524;8139
728;512.350476190476;7961
729;512.451428571429;8171
730;512.552380952381;8189
731;512.653333333333;8456
732;512.754285714286;8447
733;512.855238095238;8192
734;512.956190476191;8141
735;513.057142857143;8250
736;513.158095238095;8592
737;513.259047619048;8303
738;513.36;8582
739;513.460952380952;8460
740;513.561904761905;8495
741;513.662857142857;8378
742;513.76380952381;8375
743;513.864761904762;8319
744;513.965714285714;8614
745;514.066666666667;8327
746;514.167619047619;8455
747;514.268571428571;8511
748;514.369523809524;8485
749;514.470476190476;8555
750;514.571428571429;8369
751;514.672380952381;8737
752;514.773333333333;8801
753;514.874285714286;8626
754;514.975238095238;8511
755;515.07619047619;8834
756;515.177142857143;8794
757;515.278095238095;8842
758;515.379047619048;8759
759;515.48;9021
760;515.580952380952;8695
761;515.681904761905;9143
762;515.782857142857;8715
763;515.88380952381;8871
764;515.984761904762;8620
765;516.085714285714;9047
766;516.186666666667;9107
767;516.287619047619;8995
768;516.388571428571;8983
769;516.489523809524;9002
770;516.590476190476;9117
771;516.691428571429;9047
772;516.792380952381;9081
773;516.893333333333;8903
774;516.994285714286;9109
775;517.095238095238;9299
776;517.19619047619;9173
777;517.297142857143;9208
778;517.398095238095;9051
779;517.499047619048;9194
780;517.6;9394
781;517.700952380952;9232
782;517.801904761905;9274
783;517.902857142857;9119
784;518.00380952381;9445
785;518.104761904762;9147
786;518.205714285714;9300
787;518.306666666667;9295
788;518.407619047619;9411
789;518.508571428571;9440
790;518.609523809524;9391
791;518.710476190476;9386
792;518.811428571429;9493
793;518.912380952381;9375
794;519.013333333333;9496
795;519.114285714286;9449
796;519.215238095238;9533
797;519.31619047619;9606
798;519.417142857143;9525
799;519.518095238095;9622
800;519.619047619048;9728
801;519.72;9720
802;519.820952380952;9525
803;519.921904761905;9736
804;520.022857142857;9607
805;520.12380952381;9606
806;520.224761904762;9690
807;520.325714285714;9862
808;520.426666666667;9808
809;520.527619047619;9721
810;520.628571428571;9731
811;520.729523809524;9895
812;520.830476190476;9815
813;520.931428571429;9834
814;521.032380952381;9798
815;521.133333333333;9763
816;521.234285714286;9945
817;521.335238095238;9959
818;521.43619047619;9769
819;521.537142857143;9697
820;521.638095238095;9883
821;521.739047619048;9984
822;521.84;9877
823;521.940952380952;10098
824;522.041904761905;9996
825;522.142857142857;10031
826;522.24380952381;9916
827;522.344761904762;10016
828;522.445714285714;10096
829;522.546666666667;10174
830;522.647619047619;10283
831;522.748571428571;10216
832;522.849523809524;9962
833;522.950476190476;9972
834;523.051428571429;9977
835;523.152380952381;10198
836;523.253333333333;10326
837;523.354285714286;10039
838;523.455238095238;10000
839;523.55619047619;10090
840;523.657142857143;10305
841;523.758095238095;10450
842;523.859047619048;10363
843;523.96;10250
844;524.060952380952;10375
845;524.161904761905;10346
846;524.262857142857;10315
847;524.36380952381;10169
848;524.464761904762;10521
849;524.565714285714;10515
850;524.666666666667;10479
851;524.767619047619;10545
852;524.868571428571;10514
853;524.969523809524;10610
854;525.070476190476;10437
855;525.171428571429;10470
856;525.272380952381;10850
857;525.373333333333;10706
858;525.474285714286;10641
859;525.575238095238;10693
860;525.67619047619;10734
861;525.777142857143;10631
862;525.878095238095;10777
863;525.979047619048;10684
864;526.08;10754
865;526.180952380952;10828
866;526.281904761905;10951
867;526.382857142857;10738
868;526.483809523809;10686
869;526.584761904762;10713
870;526.685714285714;10844
871;526.786666666667;10831
872;526.887619047619;10607
873;526.988571428571;10879
874;527.089523809524;10885
875;527.190476190476;10932
876;527.291428571429;10921
877;527.392380952381;10825
878;527.493333333333;10803
879;527.594285714286;10779
880;527.695238095238;10844
881;527.79619047619;10880
882;527.897142857143;10829
883;527.998095238095;10905
884;528.099047619048;11099
885;528.2;10866
886;528.300952380952;10914
887;528.401904761905;10942
888;528.502857142857;11064
889;528.603809523809;10859
890;528.704761904762;10969
891;528.805714285714;10905
892;528.906666666667;10553
893;529.007619047619;10198
894;529.108571428571;10017
895;529.209523809524;10123
896;529.310476190476;10174
897;529.411428571429;10280
898;529.512380952381;10493
899;529.613333333333;10578
900;529.714285714286;10784
901;529.815238095238;10629
902;529.91619047619;10844
903;530.017142857143;10796
904;530.118095238095;11159
905;530.219047619048;10754
906;530.32;11464
907;530.420952380952;11275
908;530.521904761905;11152
909;530.622857142857;11094
910;530.723809523809;11203
911;530.824761904762;11102
912;530.925714285714;11232
913;531.026666666667;11178
914;531.127619047619;11261
915;531.228571428571;11332
916;531.329523809524;11143
917;531.430476190476;11114
918;531.531428571429;11488
919;531.632380952381;11446
920;531.733333333333;11354
921;531.834285714286;11319
922;531.935238095238;11423
923;532.03619047619;11534
924;532.137142857143;11349
925;532.238095238095;11331
926;532.339047619048;11583
927;532.44;11577
928;532.540952380952;11171
929;532.641904761905;11362
930;532.742857142857;11573
931;532.843809523809;11413
932;532.944761904762;11438
933;533.045714285714;11365
934;533.146666666667;11661
935;533.247619047619;11484
936;533.348571428571;11460
937;533.449523809524;11603
938;533.550476190476;11526
939;533.651428571429;11660
940;533.752380952381;11621
941;533.853333333333;11614
942;533.954285714286;11815
943;534.055238095238;11351
944;534.15619047619;11628
945;534.257142857143;11518
946;534.358095238095;11713
947;534.459047619048;11707
948;534.56;11675
949;534.660952380952;11675
950;534.761904761905;11819
951;534.862857142857;11694
952;534.963809523809;11755
953;535.064761904762;11876
954;535.165714285714;11691
955;535.266666666667;11876
956;535.367619047619;11859
957;535.468571428571;11817
958;535.569523809524;11786
959;535.670476190476;11904
960;535.771428571428;11905
961;535.872380952381;11863
962;535.973333333333;11704
963;536.074285714286;11883
964;536.175238095238;11862
965;536.27619047619;11912
966;536.377142857143;11947
967;536.478095238095;11978
968;536.579047619048;11925
969;536.68;12074
970;536.780952380952;11778
971;536.881904761905;11915
972;536.982857142857;11943
973;537.083809523809;11846
974;537.184761904762;12063
975;537.285714285714;11980
976;537.386666666667;11942
977;537.487619047619;12043
978;537.588571428571;12088
979;537.689523809524;11953
980;537.790476190476;11866
981;537.891428571428;11929
982;537.992380952381;11987
983;538.093333333333;11954
984;538.194285714286;11926
985;538.295238095238;12009
986;538.39619047619;11940
987;538.497142857143;12227
988;538.598095238095;12143
989;538.699047619048;12053
990;538.8;12246
991;538.900952380952;12098
992;539.001904761905;12206
993;539.102857142857;12119
994;539.203809523809;11970
995;539.304761904762;12187
996;539.405714285714;12169
997;539.506666666667;12381
998;539.607619047619;12197
999;539.708571428571;12220
1000;539.809523809524;12083
1001;539.910476190476;12339
1002;540.011428571428;12273
1003;540.112380952381;12263
1004;540.213333333333;12405
1005;540.314285714286;12151
1006;540.415238095238;12244
1007;540.51619047619;12357
1008;540.617142857143;12225
1009;540.718095238095;12262
1010;540.819047619048;12441
1011;540.92;12422
1012;541.020952380952;12358
1013;541.121904761905;12382
1014;541.222857142857;12293
1015;541.323809523809;12346
1016;541.424761904762;12412
1017;541.525714285714;12483
1018;541.626666666667;12329
1019;541.727619047619;12436
1020;541.828571428571;12313
1021;541.929523809524;12641
1022;542.030476190476;12309
1023;542.131428571429;12328
1024;542.232380952381;12354
1025;542.333333333333;12263
1026;542.434285714286;12318
1027;542.535238095238;12230
1028;542.63619047619;12436
1029;542.737142857143;12545
1030;542.838095238095;12469
1031;542.939047619048;12689
1032;543.04;12479
1033;543.140952380952;12216
1034;543.241904761905;12631
1035;543.342857142857;12448
1036;543.443809523809;12444
1037;543.544761904762;12567
1038;543.645714285714;12334
1039;543.746666666667;12557
1040;543.847619047619;12730
1041;543.948571428571;12896
1042;544.049523809524;12607
1043;544.150476190476;12483
1044;544.251428571429;12586
1045;544.352380952381;12828
1046;544.453333333333;12479
1047;544.554285714286;12641
1048;544.655238095238;12725
1049;544.75619047619;12471
1050;544.857142857143;12604
1051;544.958095238095;12726
1052;545.059047619048;12564
1053;545.16;12910
1054;545.260952380952;12595
1055;545.361904761905;12730
1056;545.462857142857;12664
1057;545.563809523809;12680
1058;545.664761904762;12886
1059;545.765714285714;12931
1060;545.866666666667;12865
1061;545.967619047619;12878
1062;546.068571428571;12784
1063;546.169523809524;12877
1064;546.270476190476;12903
1065;546.371428571429;12860
1066;546.472380952381;12921
1067;546.573333333333;12808
1068;546.674285714286;12748
1069;546.775238095238;13045
1070;546.87619047619;13010
1071;546.977142857143;12892
1072;547.078095238095;12917
1073;547.179047619048;12716
1074;547.28;12796
1075;547.380952380952;13005
1076;547.481904761905;12842
1077;547.582857142857;12841
1078;547.683809523809;13012
1079;547.784761904762;12972
1080;547.885714285714;12860
1081;547.986666666667;12893
1082;548.087619047619;13024
1083;548.188571428571;13072
1084;548.289523809524;13058
1085;548.390476190476;13006
1086;548.491428571429;13011
1087;548.592380952381;12975
1088;548.693333333333;13127
1089;548.794285714286;12886
1090;548.895238095238;12767
1091;548.99619047619;13192
1092;549.097142857143;12905
1093;549.198095238095;13175
1094;549.299047619048;12960
1095;549.4;12937
1096;549.500952380952;13066
1097;549.601904761905;13053
1098;549.702857142857;13242
1099;549.803809523809;13100
1100;549.904761904762;12978
1101;550.005714285714;13329
1102;550.106666666667;13096
1103;550.207619047619;13102
1104;550.308571428571;13220
1105;550.409523809524;13243
1106;550.510476190476;13243
1107;550.611428571429;13254
1108;550.712380952381;13149
1109;550.813333333333;13178
1110;550.914285714286;12991
1111;551.015238095238;13309
1112;551.11619047619;13139
1113;551.217142857143;13414
1114;551.318095238095;13317
1115;551.419047619048;13314
1116;551.52;13304
1117;551.620952380952;13247
1118;551.721904761905;13155
1119;551.822857142857;13358
1120;551.923809523809;13467
1121;552.024761904762;13246
1122;552.125714285714;13395
1123;552.226666666667;13323
1124;552.327619047619;13533
1125;552.428571428571;13355
1126;552.529523809524;13339
1127;552.630476190476;13244
1128;552.731428571429;13478
1129;552.832380952381;13438
1130;552.933333333333;13285
1131;553.034285714286;13289
1132;553.135238095238;13646
1133;553.23619047619;13401
1134;553.337142857143;13399
1135;553.438095238095;13462
1136;553.539047619048;13538
1137;553.64;13291
1138;553.740952380952;13518
1139;553.841904761905;13604
1140;553.942857142857;13729
1141;554.04380952381;13671
1142;554.144761904762;13399
1143;554.245714285714;13487
1144;554.346666666667;13664
1145;554.447619047619;13531
1146;554.548571428571;13577
1147;554.649523809524;13705
1148;554.750476190476;13686
1149;554.851428571429;13434
1150;554.952380952381;13737
1151;555.053333333333;13347
1152;555.154285714286;13732
1153;555.255238095238;13537
1154;555.35619047619;13520
1155;555.457142857143;13573
1156;555.558095238095;13626
1157;555.659047619048;13680
1158;555.76;13642
1159;555.860952380952;13524
1160;555.961904761905;13596
1161;556.062857142857;13649
1162;556.16380952381;13955
1163;556.264761904762;13583
1164;556.365714285714;13744
1165;556.466666666667;13690
1166;556.567619047619;13613
1167;556.668571428571;13519
1168;556.769523809524;13830
1169;556.870476190476;13634
1170;556.971428571429;13848
1171;557.072380952381;13711
1172;557.173333333333;13713
1173;557.274285714286;13612
1174;557.375238095238;13760
1175;557.47619047619;13684
1176;557.577142857143;13867
1177;557.678095238095;13832
1178;557.779047619048;13972
1179;557.88;13928
1180;557.980952380952;13806
1181;558.081904761905;13861
1182;558.182857142857;13780
1183;558.28380952381;13824
1184;558.384761904762;13852
1185;558.485714285714;14024
1186;558.586666666667;13929
1187;558.687619047619;14058
1188;558.788571428571;13858
1189;558.889523809524;13910
1190;558.990476190476;13962
1191;559.091428571429;13859
1192;559.192380952381;14078
1193;559.293333333333;13875
1194;559.394285714286;14299
1195;559.495238095238;14024
1196;559.59619047619;14231
1197;559.697142857143;14099
1198;559.798095238095;14166
1199;559.899047619048;13948
1200;560;14189
1201;560.100952380952;14123
1202;560.201904761905;14038
1203;560.302857142857;14131
1204;560.40380952381;14256
1205;560.504761904762;14051
1206;560.605714285714;14042
1207;560.706666666667;14083
1208;560.807619047619;14114
1209;560.908571428571;14244
1210;561.009523809524;14415
1211;561.110476190476;14233
1212;561.211428571429;14149
1213;561.312380952381;14230
1214;561.413333333333;14160
1215;561.514285714286;14185
1216;561.615238095238;14230
1217;561.71619047619;14208
1218;561.817142857143;14173
1219;561.918095238095;14256
1220;562.019047619048;14371
1221;562.12;14325
1222;562.220952380952;14270
1223;562.321904761905;14237
1224;562.422857142857;14362
1225;562.52380952381;14134
1226;562.624761904762;14413
1227;562.725714285714;14483
1228;562.826666666667;14471
1229;562.927619047619;14258
1230;563.028571428571;14153
1231;563.129523809524;14242
1232;563.230476190476;14566
1233;563.331428571429;14271
1234;563.432380952381;14350
1235;563.533333333333;14390
1236;563.634285714286;14483
1237;563.735238095238;14359
1238;563.83619047619;14315
1239;563.937142857143;14533
1240;564.038095238095;14566
1241;564.139047619048;14602
1242;564.24;14512
1243;564.340952380952;14571
1244;564.441904761905;14434
1245;564.542857142857;14610
1246;564.64380952381;14565
1247;564.744761904762;14700
1248;564.845714285714;14576
1249;564.946666666667;14769
1250;565.047619047619;14547
1251;565.148571428571;14828
1252;565.249523809524;14700
1253;565.350476190476;14680
1254;565.451428571429;14664
1255;565.552380952381;14650
1256;565.653333333333;14740
1257;565.754285714286;14894
1258;565.855238095238;14610
1259;565.956190476191;14641
1260;566.057142857143;14819
1261;566.158095238095;14856
1262;566.259047619048;14716
1263;566.36;14597
1264;566.460952380952;14897
1265;566.561904761905;14809
1266;566.662857142857;14684
1267;566.76380952381;14798
1268;566.864761904762;14876
1269;566.965714285714;14946
1270;567.066666666667;14788
1271;567.167619047619;14834
1272;567.268571428571;14927
1273;567.369523809524;14766
1274;567.470476190476;15057
1275;567.571428571429;14968
1276;567.672380952381;14943
1277;567.773333333333;14943
1278;567.874285714286;14893
1279;567.975238095238;14963
1280;568.07619047619;15004
1281;568.177142857143;14995
1282;568.278095238095;14997
1283;568.379047619048;15070
1284;568.48;15045
1285;568.580952380952;15028
1286;568.681904761905;15215
1287;568.782857142857;15328
1288;568.88380952381;15037
1289;568.984761904762;14999
1290;569.085714285714;15248
1291;569.186666666667;15070
1292;569.287619047619;15014
1293;569.388571428571;15150
1294;569.489523809524;15031
1295;569.590476190476;14978
1296;569.691428571429;15213
1297;569.792380952381;15325
1298;569.893333333333;15277
1299;569.994285714286;15183
1300;570.095238095238;15143
1301;570.19619047619;15200
1302;570.297142857143;15438
1303;570.398095238095;15362
1304;570.499047619048;15274
1305;570.6;15250
1306;570.700952380952;15256
1307;570.801904761905;15407
1308;570.902857142857;15429
1309;571.00380952381;15201
1310;571.104761904762;15375
1311;571.205714285714;15114
1312;571.306666666667;15416
1313;571.407619047619;15234
1314;571.508571428571;15079
1315;571.609523809524;15394
1316;571.710476190476;15388
1317;571.811428571429;15424
1318;571.912380952381;15527
1319;572.013333333333;15398
1320;572.114285714286;15245
1321;572.215238095238;15504
1322;572.31619047619;15530
1323;572.417142857143;15577
1324;572.518095238095;15465
1325;572.619047619048;15377
1326;572.72;15262
1327;572.820952380952;15336
1328;572.921904761905;15350
1329;573.022857142857;15513
1330;573.12380952381;15529
1331;573.224761904762;15575
1332;573.325714285714;15280
1333;573.426666666667;15561
1334;573.527619047619;15495
1335;573.628571428571;15450
1336;573.729523809524;15335
1337;573.830476190476;15406
1338;573.931428571429;15318
1339;574.032380952381;15540
1340;574.133333333333;15511
1341;574.234285714286;15449
1342;574.335238095238;15713
1343;574.43619047619;15421
1344;574.537142857143;15622
1345;574.638095238095;15878
1346;574.739047619048;15677
1347;574.84;15327
1348;574.940952380952;15635
1349;575.041904761905;15491
1350;575.142857142857;15485
1351;575.24380952381;15439
1352;575.344761904762;15721
1353;575.445714285714;15619
1354;575.546666666667;15429
1355;575.647619047619;15536
1356;575.748571428571;15536
1357;575.849523809524;15682
1358;575.950476190476;15890
1359;576.051428571429;15637
1360;576.152380952381;15396
1361;576.253333333333;15638
1362;576.354285714286;15553
1363;576.455238095238;15727
1364;576.55619047619;15622
1365;576.657142857143;15690
1366;576.758095238095;15837
1367;576.859047619048;15769
1368;576.96;15604
1369;577.060952380952;15634
1370;577.161904761905;15851
1371;577.262857142857;15660
1372;577.363809523809;15742
1373;577.464761904762;15890
1374;577.565714285714;15698
1375;577.666666666667;15760
1376;577.767619047619;15662
1377;577.868571428571;16013
1378;577.969523809524;15795
1379;578.070476190476;15455
1380;578.171428571429;15638
1381;578.272380952381;15833
1382;578.373333333333;15842
1383;578.474285714286;15724
1384;578.575238095238;15662
1385;578.67619047619;15623
1386;578.777142857143;15504
1387;578.878095238095;15691
1388;578.979047619048;15640
1389;579.08;15557
1390;579.180952380952;15734
1391;579.281904761905;15768
1392;579.382857142857;15736
1393;579.483809523809;15640
1394;579.584761904762;15737
1395;579.685714285714;15435
1396;579.786666666667;15762
1397;579.887619047619;15874
1398;579.988571428571;15676
1399;580.089523809524;15563
1400;580.190476190476;15661
1401;580.291428571429;15513
1402;580.392380952381;15587
1403;580.493333333333;15588
1404;580.594285714286;15369
1405;580.695238095238;15746
1406;580.79619047619;15665
1407;580.897142857143;15717
1408;580.998095238095;15692
1409;581.099047619048;15559
1410;581.2;15621
1411;581.300952380952;15605
1412;581.401904761905;15597
1413;581.502857142857;15668
1414;581.603809523809;15545
1415;581.704761904762;15614
1416;581.805714285714;15511
1417;581.906666666667;15701
1418;582.007619047619;15570
1419;582.108571428571;15565
1420;582.209523809524;15553
1421;582.310476190476;15435
1422;582.411428571429;15353
1423;582.512380952381;15383
1424;582.613333333333;15356
1425;582.714285714286;15351
1426;582.815238095238;15288
1427;582.91619047619;15363
1428;583.017142857143;15387
1429;583.118095238095;15372
1430;583.219047619048;15702
1431;583.32;15516
1432;583.420952380952;15338
1433;583.521904761905;15401
1434;583.622857142857;15236
1435;583.723809523809;15401
1436;583.824761904762;15444
1437;583.925714285714;15325
1438;584.026666666667;15387
1439;584.127619047619;15404
1440;584.228571428571;15616
1441;584.329523809524;15498
1442;584.430476190476;15524
1443;584.531428571429;15241
1444;584.632380952381;15110
1445;584.733333333333;15240
1446;584.834285714286;15299
1447;584.935238095238;15334
1448;585.03619047619;15327
1449;585.137142857143;15243
1450;585.238095238095;15282
1451;585.339047619048;15100
1452;585.44;15263
1453;585.540952380952;15265
1454;585.641904761905;15114
1455;585.742857142857;15297
1456;585.843809523809;15284
1457;585.944761904762;15185
1458;586.045714285714;15225
1459;586.146666666667;14927
1460;586.247619047619;15350
1461;586.348571428571;15104
1462;586.449523809524;15079
1463;586.550476190476;15333
1464;586.651428571428;15152
1465;586.752380952381;15283
1466;586.853333333333;14972
1467;586.954285714286;15056
1468;587.055238095238;15126
1469;587.15619047619;14920
1470;587.257142857143;15113
1471;587.358095238095;15068
1472;587.459047619048;15024
1473;587.56;14995
1474;587.660952380952;15154
1475;587.761904761905;15061
1476;587.862857142857;15166
1477;587.963809523809;14882
1478;588.064761904762;14941
1479;588.165714285714;15043
1480;588.266666666667;15002
1481;588.367619047619;14983
1482;588.468571428571;14859
1483;588.569523809524;14945
1484;588.670476190476;14844
1485;588.771428571428;14875
1486;588.872380952381;15024
1487;588.973333333333;14838
1488;589.074285714286;14743
1489;589.175238095238;15012
1490;589.27619047619;14949
1491;589.377142857143;14784
1492;589.478095238095;14839
1493;589.579047619048;14894
1494;589.68;14696
1495;589.780952380952;14724
1496;589.881904761905;14650
1497;589.982857142857;14612
1498;590.083809523809;14819
1499;590.184761904762;14888
1500;590.285714285714;14770
1501;590.386666666667;14817
1502;590.487619047619;14872
1503;590.588571428571;14794
1504;590.689523809524;14812
1505;590.790476190476;14741
1506;590.891428571428;14435
1507;590.992380952381;14570
1508;591.093333333333;14541
1509;591.194285714286;14650
1510;591.295238095238;14746
1511;591.39619047619;14440
1512;591.497142857143;14741
1513;591.598095238095;14543
1514;591.699047619048;14685
1515;591.8;14551
1516;591.900952380952;14648
1517;592.001904761905;14457
1518;592.102857142857;14380
1519;592.203809523809;14555
1520;592.304761904762;14381
1521;592.405714285714;14498
1522;592.506666666667;14559
1523;592.607619047619;14378
1524;592.708571428571;14296
1525;592.809523809524;14648
1526;592.910476190476;14235
1527;593.011428571428;14435
1528;593.112380952381;14417
1529;593.213333333333;14250
1530;593.314285714286;14286
1531;593.415238095238;14339
1532;593.51619047619;14192
1533;593.617142857143;14351
1534;593.718095238095;14365
1535;593.819047619048;14523
1536;593.92;14455
1537;594.020952380952;14216
1538;594.121904761905;14127
1539;594.222857142857;14256
1540;594.323809523809;14165
1541;594.424761904762;14183
1542;594.525714285714;14214
1543;594.626666666667;14286
1544;594.727619047619;13998
1545;594.828571428571;14111
1546;594.929523809524;14054
1547;595.030476190476;14193
1548;595.131428571429;13909
1549;595.232380952381;13995
1550;595.333333333333;13975
1551;595.434285714286;13933
1552;595.535238095238;14055
1553;595.63619047619;13840
1554;595.737142857143;13950
1555;595.838095238095;14191
1556;595.939047619048;13982
1557;596.04;13831
1558;596.140952380952;13960
1559;596.241904761905;13819
1560;596.342857142857;13974
1561;596.443809523809;13891
1562;596.544761904762;13891
1563;596.645714285714;13960
1564;596.746666666667;13786
1565;596.847619047619;13821
1566;596.948571428571;13559
1567;597.049523809524;13747
1568;597.150476190476;13660
1569;597.251428571429;13629
1570;597.352380952381;13650
1571;597.453333333333;13617
1572;597.554285714286;13868
1573;597.655238095238;13640
1574;597.75619047619;13538
1575;597.857142857143;13589
1576;597.958095238095;13739
1577;598.059047619048;13638
1578;598.16;13606
1579;598.260952380952;13601
1580;598.361904761905;13631
1581;598.462857142857;13501
1582;598.563809523809;13511
1583;598.664761904762;13335
1584;598.765714285714;13370
1585;598.866666666667;13486
1586;598.967619047619;13343
1587;599.068571428571;13462
1588;599.169523809524;13383
1589;599.270476190476;13323
1590;599.371428571429;13171
1591;599.472380952381;13174
1592;599.573333333333;13369
1593;599.674285714286;13283
1594;599.775238095238;13215
1595;599.87619047619;13262
1596;599.977142857143;12989
1597;600.078095238095;12875
1598;600.179047619048;13007
1599;600.28;13344
1600;600.380952380952;12917
1601;600.481904761905;13074
1602;600.582857142857;13115
1603;600.683809523809;13037
1604;600.784761904762;13072
1605;600.885714285714;12954
1606;600.986666666667;12965
1607;601.087619047619;12983
1608;601.188571428571;12738
1609;601.289523809524;12960
1610;601.390476190476;12659
1611;601.491428571429;12634
1612;601.592380952381;12853
1613;601.693333333333;12837
1614;601.794285714286;12812
1615;601.895238095238;12702
1616;601.99619047619;12921
1617;602.097142857143;12779
1618;602.198095238095;12714
1619;602.299047619048;12882
1620;602.4;12685
1621;602.500952380952;12525
1622;602.601904761905;12694
1623;602.702857142857;12601
1624;602.803809523809;12571
1625;602.904761904762;12496
1626;603.005714285714;12546
1627;603.106666666667;12279
1628;603.207619047619;12232
1629;603.308571428571;12513
1630;603.409523809524;12632
1631;603.510476190476;12435
1632;603.611428571429;12518
1633;603.712380952381;12372
1634;603.813333333333;12447
1635;603.914285714286;12420
1636;604.015238095238;12338
1637;604.11619047619;12257
1638;604.217142857143;12326
1639;604.318095238095;12393
1640;604.419047619048;12204
1641;604.52;12173
1642;604.620952380952;12204
1643;604.721904761905;12195
1644;604.822857142857;12180
1645;604.923809523809;12012
1646;605.024761904762;11842
1647;605.125714285714;11954
1648;605.226666666667;12169
1649;605.327619047619;11966
1650;605.428571428571;12032
1651;605.529523809524;11865
1652;605.630476190476;11979
1653;605.731428571429;11823
1654;605.832380952381;11597
1655;605.933333333333;11684
1656;606.034285714286;11814
1657;606.135238095238;11874
1658;606.23619047619;11818
1659;606.337142857143;11782
1660;606.438095238095;11814
1661;606.539047619048;11835
1662;606.64;11723
1663;606.740952380952;11653
1664;606.841904761905;11647
1665;606.942857142857;11673
1666;607.04380952381;11643
1667;607.144761904762;11484
1668;607.245714285714;11789
1669;607.346666666667;11446
1670;607.447619047619;11373
1671;607.548571428571;11576
1672;607.649523809524;11554
1673;607.750476190476;11446
1674;607.851428571429;11335
1675;607.952380952381;11223
1676;608.053333333333;11324
1677;608.154285714286;11243
1678;608.255238095238;11219
1679;608.35619047619;11307
1680;608.457142857143;11218
1681;608.558095238095;11364
1682;608.659047619048;11292
1683;608.76;11245
1684;608.860952380952;11205
1685;608.961904761905;11135
1686;609.062857142857;11170
1687;609.16380952381;10950
1688;609.264761904762;11334
1689;609.365714285714;11093
1690;609.466666666667;11010
1691;609.567619047619;10863
1692;609.668571428571;10983
1693;609.769523809524;10963
1694;609.870476190476;10872
1695;609.971428571429;10961
1696;610.072380952381;10949
1697;610.173333333333;10941
1698;610.274285714286;10782
1699;610.375238095238;10878
1700;610.47619047619;10658
1701;610.577142857143;10819
1702;610.678095238095;10577
1703;610.779047619048;10849
1704;610.88;10771
1705;610.980952380952;10787
1706;611.081904761905;10747
1707;611.182857142857;10587
1708;611.28380952381;10609
1709;611.384761904762;10591
1710;611.485714285714;10453
1711;611.586666666667;10353
1712;611.687619047619;10400
1713;611.788571428571;10337
1714;611.889523809524;10206
1715;611.990476190476;10331
1716;612.091428571429;10357
1717;612.192380952381;10430
1718;612.293333333333;10382
1719;612.394285714286;10391
1720;612.495238095238;10381
1721;612.59619047619;10465
1722;612.697142857143;10273
1723;612.798095238095;10327
1724;612.899047619048;10337
1725;613;10181
1726;613.100952380952;10352
1727;613.201904761905;10072
1728;613.302857142857;10200
1729;613.40380952381;9906
1730;613.504761904762;10016
1731;613.605714285714;10102
1732;613.706666666667;9954
1733;613.807619047619;9960
1734;613.908571428571;10077
1735;614.009523809524;9850
1736;614.110476190476;9967
1737;614.211428571429;9877
1738;614.312380952381;9862
1739;614.413333333333;9880
1740;614.514285714286;9685
1741;614.615238095238;9804
1742;614.71619047619;9547
1743;614.817142857143;9771
1744;614.918095238095;9702
1745;615.019047619048;9690
1746;615.12;9624
1747;615.220952380952;9704
1748;615.321904761905;9663
1749;615.422857142857;9787
1750;615.52380952381;9563
1751;615.624761904762;9550
1752;615.725714285714;9520
1753;615.826666666667;9610
1754;615.927619047619;9656
1755;616.028571428571;9408
1756;616.129523809524;9437
1757;616.230476190476;9404
1758;616.331428571429;9355
1759;616.432380952381;9234
1760;616.533333333333;9416
1761;616.634285714286;9327
1762;616.735238095238;9210
1763;616.83619047619;9218
1764;616.937142857143;9327
1765;617.038095238095;9138
1766;617.139047619048;9230
1767;617.24;9141
1768;617.340952380952;9035
1769;617.441904761905;8994
1770;617.542857142857;9033
1771;617.64380952381;9031
1772;617.744761904762;9063
1773;617.845714285714;9075
1774;617.946666666667;8915
1775;618.047619047619;8889
1776;618.148571428571;8858
1777;618.249523809524;8816
1778;618.350476190476;8883
1779;618.451428571429;8720
1780;618.552380952381;9081
1781;618.653333333333;8869
1782;618.754285714286;8988
1783;618.855238095238;8860
1784;618.95619047619;8900
1785;619.057142857143;8678
1786;619.158095238095;8768
1787;619.259047619048;8708
1788;619.36;8592
1789;619.460952380952;8426
1790;619.561904761905;8501
1791;619.662857142857;8456
1792;619.76380952381;8564
1793;619.864761904762;8650
1794;619.965714285714;8497
1795;620.066666666667;8516
1796;620.167619047619;8416
1797;620.268571428571;8402
1798;620.369523809524;8565
1799;620.470476190476;8209
1800;620.571428571429;8462
1801;620.672380952381;8254
1802;620.773333333333;8223
1803;620.874285714286;8244
1804;620.975238095238;8232
1805;621.07619047619;8453
1806;621.177142857143;8229
1807;621.278095238095;8234
1808;621.379047619048;8324
1809;621.48;7996
1810;621.580952380952;7958
1811;621.681904761905;8046
1812;621.782857142857;8019
1813;621.88380952381;8048
1814;621.984761904762;8094
1815;622.085714285714;7861
1816;622.186666666667;8035
1817;622.287619047619;7896
1818;622.388571428571;7850
1819;622.489523809524;7871
1820;622.590476190476;7783
1821;622.691428571429;7885
1822;622.792380952381;7860
1823;622.893333333333;7739
1824;622.994285714286;7852
1825;623.095238095238;7750
1826;623.19619047619;7738
1827;623.297142857143;7620
1828;623.398095238095;7771
1829;623.499047619048;7690
1830;623.6;7609
1831;623.700952380952;7523
1832;623.801904761905;7420
1833;623.902857142857;7498
1834;624.00380952381;7653
1835;624.104761904762;7438
1836;624.205714285714;7296
1837;624.306666666667;7570
1838;624.407619047619;7455
1839;624.508571428571;7478
1840;624.609523809524;7397
1841;624.710476190476;7426
1842;624.811428571429;7385
1843;624.912380952381;7321
1844;625.013333333333;7247
1845;625.114285714286;7302
1846;625.215238095238;7291
1847;625.31619047619;7202
1848;625.417142857143;7075
1849;625.518095238095;7212
1850;625.619047619048;7199
1851;625.72;7268
1852;625.820952380952;7219
1853;625.921904761905;7180
1854;626.022857142857;6930
1855;626.12380952381;6931
1856;626.224761904762;7012
1857;626.325714285714;6978
1858;626.426666666667;6894
1859;626.527619047619;6951
1860;626.628571428571;6947
1861;626.729523809524;6958
1862;626.830476190476;6963
1863;626.931428571429;6807
1864;627.032380952381;6849
1865;627.133333333333;6894
1866;627.234285714286;6871
1867;627.335238095238;6861
1868;627.43619047619;6674
1869;627.537142857143;6899
1870;627.638095238095;6615
1871;627.739047619048;6691
1872;627.84;6659
1873;627.940952380952;6745
1874;628.041904761905;6675
1875;628.142857142857;6579
1876;628.243809523809;6502
1877;628.344761904762;6566
1878;628.445714285714;6520
1879;628.546666666667;6472
1880;628.647619047619;6421
1881;628.748571428571;6529
1882;628.849523809524;6443
1883;628.950476190476;6456
1884;629.051428571429;6324
1885;629.152380952381;6496
1886;629.253333333333;6289
1887;629.354285714286;6491
1888;629.455238095238;6382
1889;629.55619047619;6408
1890;629.657142857143;6168
1891;629.758095238095;6400
1892;629.859047619048;6112
1893;629.96;6093
1894;630.060952380952;6122
1895;630.161904761905;6218
1896;630.262857142857;6168
1897;630.363809523809;6238
1898;630.464761904762;6069
1899;630.565714285714;6211
1900;630.666666666667;6057
1901;630.767619047619;6126
1902;630.868571428571;5941
1903;630.969523809524;6047
1904;631.070476190476;6049
1905;631.171428571429;5939
1906;631.272380952381;5961
1907;631.373333333333;6003
1908;631.474285714286;6003
1909;631.575238095238;5779
1910;631.67619047619;5778
1911;631.777142857143;5709
1912;631.878095238095;5949
1913;631.979047619048;5774
1914;632.08;5832
1915;632.180952380952;5835
1916;632.281904761905;5834
1917;632.382857142857;5898
1918;632.483809523809;5733
1919;632.584761904762;5664
1920;632.685714285714;5603
1921;632.786666666667;5683
1922;632.887619047619;5541
1923;632.988571428571;5679
1924;633.089523809524;5692
1925;633.190476190476;5616
1926;633.291428571429;5611
1927;633.392380952381;5498
1928;633.493333333333;5488
1929;633.594285714286;5432
1930;633.695238095238;5660
1931;633.79619047619;5626
1932;633.897142857143;5403
1933;633.998095238095;5524
1934;634.099047619048;5336
1935;634.2;5428
1936;634.300952380952;5347
1937;634.401904761905;5242
1938;634.502857142857;5488
1939;634.603809523809;5366
1940;634.704761904762;5316
1941;634.805714285714;5234
1942;634.906666666667;5163
1943;635.007619047619;5184
1944;635.108571428571;5233
1945;635.209523809524;5164
1946;635.310476190476;5237
1947;635.411428571429;5135
1948;635.512380952381;5108
1949;635.613333333333;5050
1950;635.714285714286;5120
1951;635.815238095238;5113
1952;635.91619047619;5114
1953;636.017142857143;5106
1954;636.118095238095;5093
1955;636.219047619048;5164
1956;636.32;5054
1957;636.420952380952;5059
1958;636.521904761905;5001
1959;636.622857142857;4906
1960;636.723809523809;4968
1961;636.824761904762;4941
1962;636.925714285714;4906
1963;637.026666666667;4866
1964;637.127619047619;4941
1965;637.228571428571;4784
1966;637.329523809524;4793
1967;637.430476190476;4835
1968;637.531428571429;4735
1969;637.632380952381;4880
1970;637.733333333333;4908
1971;637.834285714286;4729
1972;637.935238095238;4583
1973;638.03619047619;4565
1974;638.137142857143;4668
1975;638.238095238095;4746
1976;638.339047619048;4688
1977;638.44;4530
1978;638.540952380952;4632
1979;638.641904761905;4464
1980;638.742857142857;4623
1981;638.843809523809;4560
1982;638.944761904762;4563
1983;639.045714285714;4646
1984;639.146666666667;4444
1985;639.247619047619;4462
1986;639.348571428571;4482
1987;639.449523809524;4486
1988;639.550476190476;4425
1989;639.651428571428;4522
1990;639.752380952381;4435
1991;639.853333333333;4415
1992;639.954285714286;4375
1993;640.055238095238;4338
1994;640.15619047619;4445
1995;640.257142857143;4405
1996;640.358095238095;4351
1997;640.459047619048;4355
1998;640.56;4389
1999;640.660952380952;4330
2000;640.761904761905;4214
2001;640.862857142857;4292
2002;640.963809523809;4327
2003;641.064761904762;4224
2004;641.165714285714;4217
2005;641.266666666667;4183
2006;641.367619047619;4144
2007;641.468571428571;4183
2008;641.569523809524;4064
2009;641.670476190476;4106
2010;641.771428571428;4021
2011;641.872380952381;4124
2012;641.973333333333;4211
2013;642.074285714286;4154
2014;642.175238095238;4165
2015;642.27619047619;3965
2016;642.377142857143;3998
2017;642.478095238095;4042
2018;642.579047619048;3997
2019;642.68;4026
2020;642.780952380952;4148
2021;642.881904761905;3993
2022;642.982857142857;3923
2023;643.083809523809;3915
2024;643.184761904762;4041
2025;643.285714285714;3990
2026;643.386666666667;4019
2027;643.487619047619;3848
2028;643.588571428571;3844
2029;643.689523809524;3842
2030;643.790476190476;3859
2031;643.891428571428;3906
2032;643.992380952381;3908
2033;644.093333333333;3860
2034;644.194285714286;3803
2035;644.295238095238;3607
2036;644.39619047619;3783
2037;644.497142857143;3748
2038;644.598095238095;3556
2039;644.699047619048;3799
2040;644.8;3674
2041;644.900952380952;3628
2042;645.001904761905;3614
2043;645.102857142857;3636
2044;645.203809523809;3717
2045;645.304761904762;3703
2046;645.405714285714;3626
2047;645.506666666667;3679

