0;438.857142857143;1748
1;438.958095238095;2065
2;439.059047619048;1966
3;439.16;1845
4;439.260952380952;2003
5;439.361904761905;2008
6;439.462857142857;2246
7;439.563809523809;2133
8;439.664761904762;2194
9;439.765714285714;2243
10;439.866666666667;2186
11;439.967619047619;2377
12;440.068571428571;2452
13;440.169523809524;2501
14;440.270476190476;2583
15;440.371428571429;2573
16;440.472380952381;2564
17;440.573333333333;2652
18;440.674285714286;2788
19;440.775238095238;2829
20;440.87619047619;2804
21;440.977142857143;2802
22;441.078095238095;3002
23;441.179047619048;2884
24;441.28;3142
25;441.380952380952;3174
26;441.481904761905;3285
27;441.582857142857;3125
28;441.683809523809;3160
29;441.784761904762;3189
30;441.885714285714;3261
31;441.986666666667;3266
32;442.087619047619;3600
33;442.188571428571;3340
34;442.289523809524;3652
35;442.390476190476;3656
36;442.491428571429;3625
37;442.592380952381;3782
38;442.693333333333;3762
39;442.794285714286;3896
40;442.895238095238;3998
41;442.99619047619;3950
42;443.097142857143;4075
43;443.198095238095;4229
44;443.299047619048;4388
45;443.4;4135
46;443.500952380952;4339
47;443.601904761905;4391
48;443.702857142857;4742
49;443.803809523809;4748
50;443.904761904762;4573
51;444.005714285714;4831
52;444.106666666667;4983
53;444.207619047619;4849
54;444.308571428571;4994
55;444.409523809524;5166
56;444.510476190476;5045
57;444.611428571429;5503
58;444.712380952381;5566
59;444.813333333333;5553
60;444.914285714286;5537
61;445.015238095238;5702
62;445.11619047619;5791
63;445.217142857143;5987
64;445.318095238095;5760
65;445.419047619048;6036
66;445.52;6297
67;445.620952380952;6183
68;445.721904761905;6409
69;445.822857142857;6572
70;445.923809523809;6334
71;446.024761904762;6960
72;446.125714285714;6581
73;446.226666666667;6706
74;446.327619047619;6720
75;446.428571428571;6975
76;446.529523809524;7218
77;446.630476190476;7238
78;446.731428571429;7399
79;446.832380952381;7542
80;446.933333333333;7687
81;447.034285714286;7623
82;447.135238095238;7749
83;447.23619047619;8095
84;447.337142857143;8049
85;447.438095238095;8121
86;447.539047619048;8361
87;447.64;8460
88;447.740952380952;8357
89;447.841904761905;8468
90;447.942857142857;8658
91;448.04380952381;8742
92;448.144761904762;8998
93;448.245714285714;9118
94;448.346666666667;9106
95;448.447619047619;9391
96;448.548571428571;9431
97;448.649523809524;9665
98;448.750476190476;9759
99;448.851428571429;9681
100;448.952380952381;9715
101;449.053333333333;9907
102;449.154285714286;10026
103;449.255238095238;10223
104;449.35619047619;10356
105;449.457142857143;10523
106;449.558095238095;10357
107;449.659047619048;10543
108;449.76;10949
109;449.860952380952;10858
110;449.961904761905;11171
111;450.062857142857;11050
112;450.16380952381;11249
113;450.264761904762;11356
114;450.365714285714;11517
115;450.466666666667;11551
116;450.567619047619;11787
117;450.668571428571;11782
118;450.769523809524;11906
119;450.870476190476;11756
120;450.971428571429;12079
121;451.072380952381;12121
122;451.173333333333;12309
123;451.274285714286;12411
124;451.375238095238;12760
125;451.47619047619;12775
126;451.577142857143;12736
127;451.678095238095;12962
128;451.779047619048;13205
129;451.88;13008
130;451.980952380952;12973
131;452.081904761905;12904
132;452.182857142857;13255
133;452.28380952381;13228
134;452.384761904762;13536
135;452.485714285714;13580
136;452.586666666667;13876
137;452.687619047619;13533
138;452.788571428571;13920
139;452.889523809524;13524
140;452.990476190476;14026
141;453.091428571429;13864
142;453.192380952381;13822
143;453.293333333333;14052
144;453.394285714286;14150
145;453.495238095238;14123
146;453.59619047619;14278
147;453.697142857143;14397
148;453.798095238095;14280
149;453.899047619048;14061
150;454;13865
151;454.100952380952;13511
152;454.201904761905;13036
153;454.302857142857;13418
154;454.40380952381;13784
155;454.504761904762;14194
156;454.605714285714;14471
157;454.706666666667;14752
158;454.807619047619;14819
159;454.908571428571;14758
160;455.009523809524;14863
161;455.110476190476;15035
162;455.211428571429;15060
163;455.312380952381;14871
164;455.413333333333;14737
165;455.514285714286;14865
166;455.615238095238;14525
167;455.71619047619;14758
168;455.817142857143;14801
169;455.918095238095;14992
170;456.019047619048;14872
171;456.12;14716
172;456.220952380952;14939
173;456.321904761905;14788
174;456.422857142857;14806
175;456.52380952381;14696
176;456.624761904762;14996
177;456.725714285714;14909
178;456.826666666667;14762
179;456.927619047619;14599
180;457.028571428571;14750
181;457.129523809524;14678
182;457.230476190476;14896
183;457.331428571429;14799
184;457.432380952381;14685
185;457.533333333333;14523
186;457.634285714286;14701
187;457.735238095238;14758
188;457.83619047619;14741
189;457.937142857143;14716
190;458.038095238095;14759
191;458.139047619048;14418
192;458.24;14501
193;458.340952380952;14322
194;458.441904761905;14436
195;458.542857142857;14139
196;458.64380952381;14273
197;458.744761904762;14472
198;458.845714285714;14211
199;458.946666666667;14172
200;459.047619047619;14245
201;459.148571428571;14068
202;459.249523809524;14220
203;459.350476190476;14159
204;459.451428571429;14120
205;459.552380952381;14242
206;459.653333333333;14016
207;459.754285714286;13884
208;459.855238095238;14133
209;459.95619047619;14028
210;460.057142857143;13745
211;460.158095238095;13610
212;460.259047619048;13926
213;460.36;13676
214;460.460952380952;13498
215;460.561904761905;13650
216;460.662857142857;13669
217;460.763809523809;13477
218;460.864761904762;13428
219;460.965714285714;13319
220;461.066666666667;13627
221;461.167619047619;13398
222;461.268571428571;13314
223;461.369523809524;13276
224;461.470476190476;13443
225;461.571428571429;13221
226;461.672380952381;13431
227;461.773333333333;13085
228;461.874285714286;13224
229;461.975238095238;13059
230;462.07619047619;12872
231;462.177142857143;12943
232;462.278095238095;12946
233;462.379047619048;13164
234;462.48;12521
235;462.580952380952;12682
236;462.681904761905;12867
237;462.782857142857;12811
238;462.883809523809;12718
239;462.984761904762;12644
240;463.085714285714;12713
241;463.186666666667;12737
242;463.287619047619;12837
243;463.388571428571;12517
244;463.489523809524;12526
245;463.590476190476;12380
246;463.691428571429;12338
247;463.792380952381;12376
248;463.893333333333;12484
249;463.994285714286;12541
250;464.095238095238;12298
251;464.19619047619;12615
252;464.297142857143;12450
253;464.398095238095;12272
254;464.499047619048;12222
255;464.6;12211
256;464.700952380952;12309
257;464.801904761905;12123
258;464.902857142857;11872
259;465.003809523809;12177
260;465.104761904762;11971
261;465.205714285714;11784
262;465.306666666667;11985
263;465.407619047619;11732
264;465.508571428571;11682
265;465.609523809524;11931
266;465.710476190476;11860
267;465.811428571429;11734
268;465.912380952381;11688
269;466.013333333333;11689
270;466.114285714286;11695
271;466.215238095238;11708
272;466.31619047619;11689
273;466.417142857143;11320
274;466.518095238095;11344
275;466.619047619048;11725
276;466.72;11626
277;466.820952380952;11370
278;466.921904761905;11706
279;467.022857142857;11366
280;467.123809523809;11356
281;467.224761904762;11515
282;467.325714285714;11319
283;467.426666666667;11275
284;467.527619047619;11279
285;467.628571428571;11432
286;467.729523809524;11313
287;467.830476190476;11345
288;467.931428571429;11027
289;468.032380952381;11051
290;468.133333333333;10996
291;468.234285714286;10994
292;468.335238095238;11086
293;468.43619047619;11155
294;468.537142857143;11191
295;468.638095238095;11104
296;468.739047619048;11055
297;468.84;10935
298;468.940952380952;10665
299;469.041904761905;10901
300;469.142857142857;11048
301;469.243809523809;11019
302;469.344761904762;10853
303;469.445714285714;10658
304;469.546666666667;10926
305;469.647619047619;10872
306;469.748571428571;10983
307;469.849523809524;10760
308;469.950476190476;10677
309;470.051428571429;10597
310;470.152380952381;10592
311;470.253333333333;10473
312;470.354285714286;10570
313;470.455238095238;10566
314;470.55619047619;10626
315;470.657142857143;10440
316;470.758095238095;10290
317;470.859047619048;10225
318;470.96;10267
319;471.060952380952;10127
320;471.161904761905;10258
321;471.262857142857;10261
322;471.363809523809;10128
323;471.464761904762;9985
324;471.565714285714;10151
325;471.666666666667;9977
326;471.767619047619;9898
327;471.868571428571;10134
328;471.969523809524;9994
329;472.070476190476;9889
330;472.171428571429;10034
331;472.272380952381;9829
332;472.373333333333;9767
333;472.474285714286;9615
334;472.575238095238;9672
335;472.67619047619;9721
336;472.777142857143;9700
337;472.878095238095;9529
338;472.979047619048;9483
339;473.08;9604
340;473.180952380952;9628
341;473.281904761905;9614
342;473.382857142857;9460
343;473.483809523809;9457
344;473.584761904762;9400
345;473.685714285714;9296
346;473.786666666667;8881
347;473.887619047619;9022
348;473.988571428571;9028
349;474.089523809524;9110
350;474.190476190476;8836
351;474.291428571429;9144
352;474.392380952381;9015
353;474.493333333333;8920
354;474.594285714286;8977
355;474.695238095238;8874
356;474.79619047619;9006
357;474.897142857143;8833
358;474.998095238095;8708
359;475.099047619048;8802
360;475.2;8613
361;475.300952380952;8695
362;475.401904761905;8638
363;475.502857142857;8658
364;475.60380952381;8647
365;475.704761904762;8530
366;475.805714285714;8561
367;475.906666666667;8487
368;476.007619047619;8719
369;476.108571428571;8361
370;476.209523809524;8219
371;476.310476190476;8208
372;476.411428571429;8361
373;476.512380952381;8475
374;476.613333333333;8182
375;476.714285714286;8231
376;476.815238095238;8238
377;476.91619047619;8078
378;477.017142857143;8105
379;477.118095238095;8075
380;477.219047619048;8037
381;477.32;7919
382;477.420952380952;8111
383;477.521904761905;7972
384;477.622857142857;8047
385;477.72380952381;7764
386;477.824761904762;7511
387;477.925714285714;7859
388;478.026666666667;7796
389;478.127619047619;7935
390;478.228571428571;7918
391;478.329523809524;7795
392;478.430476190476;7799
393;478.531428571429;7440
394;478.632380952381;7479
395;478.733333333333;7655
396;478.834285714286;7617
397;478.935238095238;7433
398;479.03619047619;7518
399;479.137142857143;7467
400;479.238095238095;7589
401;479.339047619048;7522
402;479.44;7332
403;479.540952380952;7085
404;479.641904761905;7411
405;479.742857142857;7098
406;479.84380952381;7415
407;479.944761904762;7196
408;480.045714285714;7372
409;480.146666666667;7211
410;480.247619047619;7155
411;480.348571428571;7167
412;480.449523809524;7042
413;480.550476190476;7224
414;480.651428571429;6923
415;480.752380952381;6969
416;480.853333333333;6919
417;480.954285714286;6779
418;481.055238095238;6910
419;481.15619047619;6945
420;481.257142857143;6946
421;481.358095238095;6977
422;481.459047619048;6763
423;481.56;6743
424;481.660952380952;7000
425;481.761904761905;6911
426;481.862857142857;6782
427;481.96380952381;6833
428;482.064761904762;6957
429;482.165714285714;6656
430;482.266666666667;6701
431;482.367619047619;6623
432;482.468571428571;6748
433;482.569523809524;6604
434;482.670476190476;6598
435;482.771428571429;6616
436;482.872380952381;6351
437;482.973333333333;6512
438;483.074285714286;6488
439;483.175238095238;6519
440;483.27619047619;6488
441;483.377142857143;6605
442;483.478095238095;6642
443;483.579047619048;6292
444;483.68;6609
445;483.780952380952;6486
446;483.881904761905;6246
447;483.982857142857;6439
448;484.08380952381;6574
449;484.184761904762;6266
450;484.285714285714;6281
451;484.386666666667;6301
452;484.487619047619;6251
453;484.588571428571;6133
454;484.689523809524;6295
455;484.790476190476;6226
456;484.891428571429;6250
457;484.992380952381;6219
458;485.093333333333;6288
459;485.194285714286;6249
460;485.295238095238;6051
461;485.39619047619;6231
462;485.497142857143;6399
463;485.598095238095;6074
464;485.699047619048;6226
465;485.8;6267
466;485.900952380952;6095
467;486.001904761905;6251
468;486.102857142857;6157
469;486.203809523809;6265
470;486.304761904762;6247
471;486.405714285714;6243
472;486.506666666667;6157
473;486.607619047619;5932
474;486.708571428571;6010
475;486.809523809524;6023
476;486.910476190476;5889
477;487.011428571429;6002
478;487.112380952381;6112
479;487.213333333333;6007
480;487.314285714286;5973
481;487.415238095238;6032
482;487.51619047619;6075
483;487.617142857143;5936
484;487.718095238095;5969
485;487.819047619048;6186
486;487.92;6102
487;488.020952380952;6119
488;488.121904761905;5734
489;488.222857142857;5918
490;488.323809523809;6121
491;488.424761904762;5773
492;488.525714285714;5827
493;488.626666666667;5881
494;488.727619047619;5963
495;488.828571428571;5908
496;488.929523809524;5810
497;489.030476190476;5865
498;489.131428571429;5974
499;489.232380952381;5751
500;489.333333333333;5644
501;489.434285714286;5945
502;489.535238095238;5632
503;489.63619047619;5835
504;489.737142857143;5955
505;489.838095238095;5758
506;489.939047619048;5818
507;490.04;5834
508;490.140952380952;5933
509;490.241904761905;5709
510;490.342857142857;5791
511;490.443809523809;5827
512;490.544761904762;5605
513;490.645714285714;6012
514;490.746666666667;5698
515;490.847619047619;5783
516;490.948571428571;5693
517;491.049523809524;5572
518;491.150476190476;5776
519;491.251428571429;5645
520;491.352380952381;5829
521;491.453333333333;5858
522;491.554285714286;5926
523;491.655238095238;5844
524;491.75619047619;5860
525;491.857142857143;5788
526;491.958095238095;5689
527;492.059047619048;6017
528;492.16;5810
529;492.260952380952;5766
530;492.361904761905;5696
531;492.462857142857;5688
532;492.563809523809;5754
533;492.664761904762;5713
534;492.765714285714;5959
535;492.866666666667;5812
536;492.967619047619;5770
537;493.068571428571;5917
538;493.169523809524;5746
539;493.270476190476;5761
540;493.371428571429;5600
541;493.472380952381;5911
542;493.573333333333;5930
543;493.674285714286;5749
544;493.775238095238;6032
545;493.87619047619;5838
546;493.977142857143;5949
547;494.078095238095;5805
548;494.179047619048;5830
549;494.28;5810
550;494.380952380952;5937
551;494.481904761905;5664
552;494.582857142857;5834
553;494.683809523809;5737
554;494.784761904762;5899
555;494.885714285714;5802
556;494.986666666667;6080
557;495.087619047619;6017
558;495.188571428571;6108
559;495.289523809524;5797
560;495.390476190476;6089
561;495.491428571429;5848
562;495.592380952381;6054
563;495.693333333333;6006
564;495.794285714286;6004
565;495.895238095238;5806
566;495.99619047619;5948
567;496.097142857143;5923
568;496.198095238095;6011
569;496.299047619048;5846
570;496.4;5499
571;496.500952380952;5980
572;496.601904761905;5991
573;496.702857142857;5913
574;496.803809523809;5927
575;496.904761904762;6123
576;497.005714285714;6256
577;497.106666666667;6179
578;497.207619047619;6042
579;497.308571428571;5949
580;497.409523809524;6105
581;497.510476190476;5898
582;497.611428571429;5967
583;497.712380952381;6195
584;497.813333333333;6240
585;497.914285714286;6052
586;498.015238095238;6151
587;498.11619047619;6199
588;498.217142857143;6261
589;498.318095238095;6152
590;498.419047619048;6270
591;498.52;6321
592;498.620952380952;6451
593;498.721904761905;6368
594;498.822857142857;6278
595;498.923809523809;6401
596;499.024761904762;6384
597;499.125714285714;6283
598;499.226666666667;6362
599;499.327619047619;6447
600;499.428571428571;6194
601;499.529523809524;6270
602;499.630476190476;6469
603;499.731428571429;6323
604;499.832380952381;6369
605;499.933333333333;6341
606;500.034285714286;6709
607;500.135238095238;6516
608;500.23619047619;6703
609;500.337142857143;6448
610;500.438095238095;6718
611;500.539047619048;6684
612;500.64;6522
613;500.740952380952;6599
614;500.841904761905;6476
615;500.942857142857;6537
616;501.04380952381;6620
617;501.144761904762;6481
618;501.245714285714;6539
619;501.346666666667;6758
620;501.447619047619;6568
621;501.548571428571;6640
622;501.649523809524;6650
623;501.750476190476;6731
624;501.851428571429;6981
625;501.952380952381;6658
626;502.053333333333;6752
627;502.154285714286;6923
628;502.255238095238;6917
629;502.35619047619;6710
630;502.457142857143;6821
631;502.558095238095;6886
632;502.659047619048;6797
633;502.76;6812
634;502.860952380952;6833
635;502.961904761905;6870
636;503.062857142857;6939
637;503.16380952381;6884
638;503.264761904762;6808
639;503.365714285714;7086
640;503.466666666667;7225
641;503.567619047619;7029
642;503.668571428571;6946
643;503.769523809524;7008
644;503.870476190476;6915
645;503.971428571429;6992
646;504.072380952381;6966
647;504.173333333333;7175
648;504.274285714286;7024
649;504.375238095238;7153
650;504.47619047619;7168
651;504.577142857143;7289
652;504.678095238095;7261
653;504.779047619048;7216
654;504.88;7148
655;504.980952380952;7194
656;505.081904761905;7476
657;505.182857142857;7432
658;505.28380952381;7324
659;505.384761904762;7306
660;505.485714285714;7437
661;505.586666666667;7202
662;505.687619047619;7410
663;505.788571428571;7390
664;505.889523809524;7551
665;505.990476190476;7466
666;506.091428571429;7425
667;506.192380952381;7549
668;506.293333333333;7505
669;506.394285714286;7555
670;506.495238095238;7503
671;506.59619047619;7432
672;506.697142857143;7432
673;506.798095238095;7750
674;506.899047619048;7631
675;507;7515
676;507.100952380952;7734
677;507.201904761905;7576
678;507.302857142857;7699
679;507.40380952381;7491
680;507.504761904762;7525
681;507.605714285714;7745
682;507.706666666667;7542
683;507.807619047619;7593
684;507.908571428571;7591
685;508.009523809524;7740
686;508.110476190476;7694
687;508.211428571429;7555
688;508.312380952381;8060
689;508.413333333333;7553
690;508.514285714286;7780
691;508.615238095238;7813
692;508.71619047619;7593
693;508.817142857143;7970
694;508.918095238095;7948
695;509.019047619048;7754
696;509.12;8000
697;509.220952380952;7896
698;509.321904761905;7827
699;509.422857142857;7888
700;509.52380952381;7795
701;509.624761904762;7938
702;509.725714285714;8098
703;509.826666666667;7949
704;509.927619047619;7834
705;510.028571428571;7895
706;510.129523809524;8081
707;510.230476190476;8017
708;510.331428571429;7908
709;510.432380952381;7839
710;510.533333333333;7999
711;510.634285714286;8020
712;510.735238095238;7992
713;510.83619047619;8226
714;510.937142857143;7975
715;511.038095238095;8249
716;511.139047619048;8090
717;511.24;8040
718;511.340952380952;8133
719;511.441904761905;8259
720;511.542857142857;8278
721;511.64380952381;8235
722;511.744761904762;8236
723;511.845714285714;8114
724;511.946666666667;8013
725;512.047619047619;8021
726;512.148571428571;8375
727;512.249523809524;8298
728;512.350476190476;8263
729;512.451428571429;8288
730;512.552380952381;8312
731;512.653333333333;8289
732;512.754285714286;8337
733;512.855238095238;8115
734;512.956190476191;8288
735;513.057142857143;8254
736;513.158095238095;8492
737;513.259047619048;8226
738;513.36;8331
739;513.460952380952;8308
740;513.561904761905;8591
741;513.662857142857;8170
742;513.76380952381;8381
743;513.864761904762;8177
744;513.965714285714;8380
745;514.066666666667;8335
746;514.167619047619;8169
747;514.268571428571;8410
748;514.369523809524;8326
749;514.470476190476;8332
750;514.571428571429;8205
751;514.672380952381;8436
752;514.773333333333;8549
753;514.874285714286;8461
754;514.975238095238;8206
755;515.07619047619;8464
756;515.177142857143;8454
757;515.278095238095;8568
758;515.379047619048;8420
759;515.48;8605
760;515.580952380952;8418
761;515.681904761905;8555
762;515.782857142857;8334
763;515.88380952381;8542
764;515.984761904762;8362
765;516.085714285714;8673
766;516.186666666667;8489
767;516.287619047619;8477
768;516.388571428571;8635
769;516.489523809524;8389
770;516.590476190476;8586
771;516.691428571429;8442
772;516.792380952381;8444
773;516.893333333333;8421
774;516.994285714286;8442
775;517.095238095238;8570
776;517.19619047619;8441
777;517.297142857143;8466
778;517.398095238095;8404
779;517.499047619048;8589
780;517.6;8495
781;517.700952380952;8512
782;517.801904761905;8613
783;517.902857142857;8376
784;518.00380952381;8540
785;518.104761904762;8675
786;518.205714285714;8562
787;518.306666666667;8444
788;518.407619047619;8540
789;518.508571428571;8508
790;518.609523809524;8561
791;518.710476190476;8503
792;518.811428571429;8600
793;518.912380952381;8554
794;519.013333333333;8694
795;519.114285714286;8540
796;519.215238095238;8655
797;519.31619047619;8672
798;519.417142857143;8623
799;519.518095238095;8815
800;519.619047619048;8304
801;519.72;8483
802;519.820952380952;8430
803;519.921904761905;8591
804;520.022857142857;8531
805;520.12380952381;8480
806;520.224761904762;8619
807;520.325714285714;8785
808;520.426666666667;8597
809;520.527619047619;8679
810;520.628571428571;8608
811;520.729523809524;8573
812;520.830476190476;8654
813;520.931428571429;8616
814;521.032380952381;8423
815;521.133333333333;8504
816;521.234285714286;8738
817;521.335238095238;8555
818;521.43619047619;8374
819;521.537142857143;8513
820;521.638095238095;8656
821;521.739047619048;8551
822;521.84;8603
823;521.940952380952;8811
824;522.041904761905;8642
825;522.142857142857;8580
826;522.24380952381;8395
827;522.344761904762;8553
828;522.445714285714;8790
829;522.546666666667;8529
830;522.647619047619;8644
831;522.748571428571;8507
832;522.849523809524;8538
833;522.950476190476;8563
834;523.051428571429;8602
835;523.152380952381;8727
836;523.253333333333;8501
837;523.354285714286;8549
838;523.455238095238;8409
839;523.55619047619;8535
840;523.657142857143;8685
841;523.758095238095;8787
842;523.859047619048;8436
843;523.96;8482
844;524.060952380952;8589
845;524.161904761905;8612
846;524.262857142857;8718
847;524.36380952381;8424
848;524.464761904762;8723
849;524.565714285714;8696
850;524.666666666667;8758
851;524.767619047619;8549
852;524.868571428571;8680
853;524.969523809524;8651
854;525.070476190476;8534
855;525.171428571429;8506
856;525.272380952381;8786
857;525.373333333333;8733
858;525.474285714286;8601
859;525.575238095238;8636
860;525.67619047619;8586
861;525.777142857143;8569
862;525.878095238095;8643
863;525.979047619048;8514
864;526.08;8676
865;526.180952380952;8632
866;526.281904761905;8770
867;526.382857142857;8639
868;526.483809523809;8511
869;526.584761904762;8330
870;526.685714285714;8552
871;526.786666666667;8717
872;526.887619047619;8463
873;526.988571428571;8549
874;527.089523809524;8574
875;527.190476190476;8504
876;527.291428571429;8626
877;527.392380952381;8619
878;527.493333333333;8434
879;527.594285714286;8317
880;527.695238095238;8336
881;527.79619047619;8341
882;527.897142857143;8268
883;527.998095238095;8267
884;528.099047619048;8324
885;528.2;8504
886;528.300952380952;8346
887;528.401904761905;8268
888;528.502857142857;8427
889;528.603809523809;8448
890;528.704761904762;8288
891;528.805714285714;8327
892;528.906666666667;7956
893;529.007619047619;7781
894;529.108571428571;7734
895;529.209523809524;7757
896;529.310476190476;7741
897;529.411428571429;7796
898;529.512380952381;7892
899;529.613333333333;7845
900;529.714285714286;7953
901;529.815238095238;7924
902;529.91619047619;8150
903;530.017142857143;8088
904;530.118095238095;8388
905;530.219047619048;7956
906;530.32;8542
907;530.420952380952;8290
908;530.521904761905;8230
909;530.622857142857;8239
910;530.723809523809;8290
911;530.824761904762;8173
912;530.925714285714;8351
913;531.026666666667;8199
914;531.127619047619;8171
915;531.228571428571;8402
916;531.329523809524;8218
917;531.430476190476;8221
918;531.531428571429;8224
919;531.632380952381;8345
920;531.733333333333;8321
921;531.834285714286;8123
922;531.935238095238;8314
923;532.03619047619;8418
924;532.137142857143;8216
925;532.238095238095;8222
926;532.339047619048;8165
927;532.44;8213
928;532.540952380952;8077
929;532.641904761905;7962
930;532.742857142857;8309
931;532.843809523809;8026
932;532.944761904762;8108
933;533.045714285714;8256
934;533.146666666667;8303
935;533.247619047619;8224
936;533.348571428571;8209
937;533.449523809524;8258
938;533.550476190476;8226
939;533.651428571429;8137
940;533.752380952381;8339
941;533.853333333333;7928
942;533.954285714286;8099
943;534.055238095238;8063
944;534.15619047619;8034
945;534.257142857143;8005
946;534.358095238095;8224
947;534.459047619048;7991
948;534.56;8113
949;534.660952380952;8130
950;534.761904761905;8120
951;534.862857142857;8160
952;534.963809523809;8159
953;535.064761904762;8043
954;535.165714285714;8053
955;535.266666666667;8127
956;535.367619047619;8114
957;535.468571428571;8047
958;535.569523809524;8078
959;535.670476190476;7997
960;535.771428571428;8073
961;535.872380952381;8055
962;535.973333333333;7907
963;536.074285714286;8061
964;536.175238095238;8175
965;536.27619047619;7914
966;536.377142857143;7947
967;536.478095238095;7973
968;536.579047619048;8020
969;536.68;8084
970;536.780952380952;7923
971;536.881904761905;8091
972;536.982857142857;8036
973;537.083809523809;7982
974;537.184761904762;7998
975;537.285714285714;7826
976;537.386666666667;7982
977;537.487619047619;7742
978;537.588571428571;8004
979;537.689523809524;7845
980;537.790476190476;7571
981;537.891428571428;7715
982;537.992380952381;7901
983;538.093333333333;7810
984;538.194285714286;7846
985;538.295238095238;7795
986;538.39619047619;7841
987;538.497142857143;7906
988;538.598095238095;7677
989;538.699047619048;7703
990;538.8;7809
991;538.900952380952;7688
992;539.001904761905;7968
993;539.102857142857;7862
994;539.203809523809;7675
995;539.304761904762;7798
996;539.405714285714;7824
997;539.506666666667;7768
998;539.607619047619;7965
999;539.708571428571;7852
1000;539.809523809524;7665
1001;539.910476190476;7867
1002;540.011428571428;7833
1003;540.112380952381;7653
1004;540.213333333333;7855
1005;540.314285714286;7578
1006;540.415238095238;7690
1007;540.51619047619;7585
1008;540.617142857143;7576
1009;540.718095238095;7615
1010;540.819047619048;7777
1011;540.92;7525
1012;541.020952380952;7628
1013;541.121904761905;7482
1014;541.222857142857;7669
1015;541.323809523809;7644
1016;541.424761904762;7633
1017;541.525714285714;7600
1018;541.626666666667;7517
1019;541.727619047619;7532
1020;541.828571428571;7524
1021;541.929523809524;7604
1022;542.030476190476;7526
1023;542.131428571429;7404
1024;542.232380952381;7514
1025;542.333333333333;7359
1026;542.434285714286;7332
1027;542.535238095238;7451
1028;542.63619047619;7360
1029;542.737142857143;7371
1030;542.838095238095;7505
1031;542.939047619048;7422
1032;543.04;7547
1033;543.140952380952;7126
1034;543.241904761905;7448
1035;543.342857142857;7280
1036;543.443809523809;7411
1037;543.544761904762;7299
1038;543.645714285714;7305
1039;543.746666666667;7346
1040;543.847619047619;7384
1041;543.948571428571;7135
1042;544.049523809524;7365
1043;544.150476190476;7426
1044;544.251428571429;7325
1045;544.352380952381;7333
1046;544.453333333333;7332
1047;544.554285714286;7162
1048;544.655238095238;6967
1049;544.75619047619;7226
1050;544.857142857143;7156
1051;544.958095238095;7258
1052;545.059047619048;7089
1053;545.16;7193
1054;545.260952380952;7105
1055;545.361904761905;7172
1056;545.462857142857;7292
1057;545.563809523809;7304
1058;545.664761904762;7333
1059;545.765714285714;7256
1060;545.866666666667;7114
1061;545.967619047619;7266
1062;546.068571428571;7118
1063;546.169523809524;7117
1064;546.270476190476;7230
1065;546.371428571429;7051
1066;546.472380952381;7157
1067;546.573333333333;7159
1068;546.674285714286;6952
1069;546.775238095238;7193
1070;546.87619047619;7109
1071;546.977142857143;6900
1072;547.078095238095;7096
1073;547.179047619048;6862
1074;547.28;7156
1075;547.380952380952;6930
1076;547.481904761905;7048
1077;547.582857142857;6910
1078;547.683809523809;7107
1079;547.784761904762;7006
1080;547.885714285714;7135
1081;547.986666666667;6878
1082;548.087619047619;7099
1083;548.188571428571;7013
1084;548.289523809524;7035
1085;548.390476190476;7083
1086;548.491428571429;7032
1087;548.592380952381;6882
1088;548.693333333333;6915
1089;548.794285714286;6808
1090;548.895238095238;6748
1091;548.99619047619;7004
1092;549.097142857143;6773
1093;549.198095238095;6823
1094;549.299047619048;6929
1095;549.4;6964
1096;549.500952380952;6942
1097;549.601904761905;6809
1098;549.702857142857;6854
1099;549.803809523809;6851
1100;549.904761904762;6806
1101;550.005714285714;6837
1102;550.106666666667;6692
1103;550.207619047619;6814
1104;550.308571428571;6915
1105;550.409523809524;6845
1106;550.510476190476;6717
1107;550.611428571429;6846
1108;550.712380952381;6725
1109;550.813333333333;6734
1110;550.914285714286;6644
1111;551.015238095238;6914
1112;551.11619047619;6765
1113;551.217142857143;6770
1114;551.318095238095;6767
1115;551.419047619048;6799
1116;551.52;6703
1117;551.620952380952;6558
1118;551.721904761905;6707
1119;551.822857142857;6733
1120;551.923809523809;6698
1121;552.024761904762;6549
1122;552.125714285714;6815
1123;552.226666666667;6583
1124;552.327619047619;6662
1125;552.428571428571;6539
1126;552.529523809524;6626
1127;552.630476190476;6626
1128;552.731428571429;6584
1129;552.832380952381;6603
1130;552.933333333333;6659
1131;553.034285714286;6439
1132;553.135238095238;6497
1133;553.23619047619;6650
1134;553.337142857143;6661
1135;553.438095238095;6629
1136;553.539047619048;6267
1137;553.64;6538
1138;553.740952380952;6535
1139;553.841904761905;6483
1140;553.942857142857;6530
1141;554.04380952381;6535
1142;554.144761904762;6503
1143;554.245714285714;6438
1144;554.346666666667;6491
1145;554.447619047619;6462
1146;554.548571428571;6581
1147;554.649523809524;6461
1148;554.750476190476;6557
1149;554.851428571429;6283
1150;554.952380952381;6431
1151;555.053333333333;6403
1152;555.154285714286;6496
1153;555.255238095238;6273
1154;555.35619047619;6378
1155;555.457142857143;6488
1156;555.558095238095;6390
1157;555.659047619048;6396
1158;555.76;6416
1159;555.860952380952;6323
1160;555.961904761905;6104
1161;556.062857142857;6355
1162;556.16380952381;6285
1163;556.264761904762;6112
1164;556.365714285714;6319
1165;556.466666666667;6170
1166;556.567619047619;6220
1167;556.668571428571;6066
1168;556.769523809524;6151
1169;556.870476190476;6069
1170;556.971428571429;6432
1171;557.072380952381;6186
1172;557.173333333333;6231
1173;557.274285714286;6073
1174;557.375238095238;6195
1175;557.47619047619;6186
1176;557.577142857143;6133
1177;557.678095238095;6169
1178;557.779047619048;6228
1179;557.88;6198
1180;557.980952380952;6081
1181;558.081904761905;6082
1182;558.182857142857;6144
1183;558.28380952381;6124
1184;558.384761904762;6093
1185;558.485714285714;6199
1186;558.586666666667;6134
1187;558.687619047619;5988
1188;558.788571428571;5902
1189;558.889523809524;6032
1190;558.990476190476;5949
1191;559.091428571429;6051
1192;559.192380952381;6037
1193;559.293333333333;6141
1194;559.394285714286;6072
1195;559.495238095238;6025
1196;559.59619047619;6099
1197;559.697142857143;6047
1198;559.798095238095;5975
1199;559.899047619048;6008
1200;560;6047
1201;560.100952380952;5911
1202;560.201904761905;5916
1203;560.302857142857;5930
1204;560.40380952381;6054
1205;560.504761904762;5996
1206;560.605714285714;5920
1207;560.706666666667;5968
1208;560.807619047619;5953
1209;560.908571428571;6009
1210;561.009523809524;6080
1211;561.110476190476;5922
1212;561.211428571429;5888
1213;561.312380952381;5746
1214;561.413333333333;5983
1215;561.514285714286;5862
1216;561.615238095238;5903
1217;561.71619047619;6072
1218;561.817142857143;5943
1219;561.918095238095;5757
1220;562.019047619048;5913
1221;562.12;5757
1222;562.220952380952;5796
1223;562.321904761905;5768
1224;562.422857142857;5684
1225;562.52380952381;5801
1226;562.624761904762;5739
1227;562.725714285714;5834
1228;562.826666666667;5662
1229;562.927619047619;5759
1230;563.028571428571;5899
1231;563.129523809524;5727
1232;563.230476190476;5822
1233;563.331428571429;5865
1234;563.432380952381;5664
1235;563.533333333333;5541
1236;563.634285714286;5755
1237;563.735238095238;5743
1238;563.83619047619;5598
1239;563.937142857143;5786
1240;564.038095238095;5713
1241;564.139047619048;5606
1242;564.24;5642
1243;564.340952380952;5553
1244;564.441904761905;5679
1245;564.542857142857;5745
1246;564.64380952381;5707
1247;564.744761904762;5635
1248;564.845714285714;5509
1249;564.946666666667;5600
1250;565.047619047619;5523
1251;565.148571428571;5651
1252;565.249523809524;5617
1253;565.350476190476;5824
1254;565.451428571429;5541
1255;565.552380952381;5642
1256;565.653333333333;5575
1257;565.754285714286;5517
1258;565.855238095238;5560
1259;565.956190476191;5619
1260;566.057142857143;5621
1261;566.158095238095;5531
1262;566.259047619048;5553
1263;566.36;5536
1264;566.460952380952;5568
1265;566.561904761905;5564
1266;566.662857142857;5665
1267;566.76380952381;5359
1268;566.864761904762;5536
1269;566.965714285714;5474
1270;567.066666666667;5504
1271;567.167619047619;5451
1272;567.268571428571;5550
1273;567.369523809524;5568
1274;567.470476190476;5481
1275;567.571428571429;5532
1276;567.672380952381;5401
1277;567.773333333333;5600
1278;567.874285714286;5374
1279;567.975238095238;5445
1280;568.07619047619;5322
1281;568.177142857143;5402
1282;568.278095238095;5340
1283;568.379047619048;5501
1284;568.48;5526
1285;568.580952380952;5491
1286;568.681904761905;5413
1287;568.782857142857;5510
1288;568.88380952381;5399
1289;568.984761904762;5325
1290;569.085714285714;5365
1291;569.186666666667;5265
1292;569.287619047619;5321
1293;569.388571428571;5257
1294;569.489523809524;5240
1295;569.590476190476;5136
1296;569.691428571429;5436
1297;569.792380952381;5350
1298;569.893333333333;5381
1299;569.994285714286;5366
1300;570.095238095238;5234
1301;570.19619047619;5184
1302;570.297142857143;5283
1303;570.398095238095;5400
1304;570.499047619048;5315
1305;570.6;5449
1306;570.700952380952;5416
1307;570.801904761905;5309
1308;570.902857142857;5216
1309;571.00380952381;5248
1310;571.104761904762;5192
1311;571.205714285714;5074
1312;571.306666666667;5255
1313;571.407619047619;5295
1314;571.508571428571;5184
1315;571.609523809524;5118
1316;571.710476190476;5236
1317;571.811428571429;5315
1318;571.912380952381;5159
1319;572.013333333333;5138
1320;572.114285714286;5247
1321;572.215238095238;5162
1322;572.31619047619;5070
1323;572.417142857143;5121
1324;572.518095238095;5151
1325;572.619047619048;5154
1326;572.72;5031
1327;572.820952380952;5026
1328;572.921904761905;5056
1329;573.022857142857;5046
1330;573.12380952381;5037
1331;573.224761904762;5040
1332;573.325714285714;4905
1333;573.426666666667;5058
1334;573.527619047619;4831
1335;573.628571428571;5002
1336;573.729523809524;4906
1337;573.830476190476;5011
1338;573.931428571429;4917
1339;574.032380952381;4956
1340;574.133333333333;4927
1341;574.234285714286;4829
1342;574.335238095238;5060
1343;574.43619047619;4855
1344;574.537142857143;4758
1345;574.638095238095;4972
1346;574.739047619048;4989
1347;574.84;4886
1348;574.940952380952;4932
1349;575.041904761905;4983
1350;575.142857142857;4854
1351;575.24380952381;4689
1352;575.344761904762;4971
1353;575.445714285714;4788
1354;575.546666666667;4883
1355;575.647619047619;4829
1356;575.748571428571;4789
1357;575.849523809524;4667
1358;575.950476190476;4904
1359;576.051428571429;4818
1360;576.152380952381;4847
1361;576.253333333333;4851
1362;576.354285714286;4904
1363;576.455238095238;4676
1364;576.55619047619;4787
1365;576.657142857143;4772
1366;576.758095238095;4773
1367;576.859047619048;4812
1368;576.96;4638
1369;577.060952380952;4623
1370;577.161904761905;4644
1371;577.262857142857;4880
1372;577.363809523809;4872
1373;577.464761904762;4759
1374;577.565714285714;4732
1375;577.666666666667;4590
1376;577.767619047619;4642
1377;577.868571428571;4764
1378;577.969523809524;4737
1379;578.070476190476;4676
1380;578.171428571429;4721
1381;578.272380952381;4665
1382;578.373333333333;4704
1383;578.474285714286;4603
1384;578.575238095238;4502
1385;578.67619047619;4519
1386;578.777142857143;4578
1387;578.878095238095;4576
1388;578.979047619048;4489
1389;579.08;4435
1390;579.180952380952;4410
1391;579.281904761905;4445
1392;579.382857142857;4504
1393;579.483809523809;4354
1394;579.584761904762;4436
1395;579.685714285714;4475
1396;579.786666666667;4496
1397;579.887619047619;4474
1398;579.988571428571;4437
1399;580.089523809524;4364
1400;580.190476190476;4557
1401;580.291428571429;4430
1402;580.392380952381;4351
1403;580.493333333333;4370
1404;580.594285714286;4316
1405;580.695238095238;4168
1406;580.79619047619;4457
1407;580.897142857143;4375
1408;580.998095238095;4547
1409;581.099047619048;4346
1410;581.2;4404
1411;581.300952380952;4277
1412;581.401904761905;4226
1413;581.502857142857;4264
1414;581.603809523809;4375
1415;581.704761904762;4344
1416;581.805714285714;4377
1417;581.906666666667;4245
1418;582.007619047619;4330
1419;582.108571428571;4166
1420;582.209523809524;4158
1421;582.310476190476;4080
1422;582.411428571429;4057
1423;582.512380952381;4231
1424;582.613333333333;4081
1425;582.714285714286;4221
1426;582.815238095238;3986
1427;582.91619047619;4101
1428;583.017142857143;4177
1429;583.118095238095;4207
1430;583.219047619048;4205
1431;583.32;4053
1432;583.420952380952;4101
1433;583.521904761905;4126
1434;583.622857142857;4108
1435;583.723809523809;4080
1436;583.824761904762;4058
1437;583.925714285714;4082
1438;584.026666666667;4021
1439;584.127619047619;3966
1440;584.228571428571;4114
1441;584.329523809524;4013
1442;584.430476190476;4063
1443;584.531428571429;4066
1444;584.632380952381;3985
1445;584.733333333333;3953
1446;584.834285714286;3809
1447;584.935238095238;4068
1448;585.03619047619;3941
1449;585.137142857143;4024
1450;585.238095238095;3978
1451;585.339047619048;3809
1452;585.44;4058
1453;585.540952380952;4004
1454;585.641904761905;3960
1455;585.742857142857;3859
1456;585.843809523809;3763
1457;585.944761904762;3991
1458;586.045714285714;3872
1459;586.146666666667;3770
1460;586.247619047619;3971
1461;586.348571428571;3852
1462;586.449523809524;3840
1463;586.550476190476;3742
1464;586.651428571428;3973
1465;586.752380952381;3928
1466;586.853333333333;3714
1467;586.954285714286;3692
1468;587.055238095238;3895
1469;587.15619047619;3737
1470;587.257142857143;3764
1471;587.358095238095;3725
1472;587.459047619048;3682
1473;587.56;3726
1474;587.660952380952;3862
1475;587.761904761905;3714
1476;587.862857142857;3703
1477;587.963809523809;3707
1478;588.064761904762;3763
1479;588.165714285714;3771
1480;588.266666666667;3635
1481;588.367619047619;3593
1482;588.468571428571;3644
1483;588.569523809524;3668
1484;588.670476190476;3706
1485;588.771428571428;3635
1486;588.872380952381;3617
1487;588.973333333333;3576
1488;589.074285714286;3708
1489;589.175238095238;3715
1490;589.27619047619;3601
1491;589.377142857143;3645
1492;589.478095238095;3520
1493;589.579047619048;3554
1494;589.68;3477
1495;589.780952380952;3462
1496;589.881904761905;3433
1497;589.982857142857;3541
1498;590.083809523809;3675
1499;590.184761904762;3539
1500;590.285714285714;3571
1501;590.386666666667;3594
1502;590.487619047619;3478
1503;590.588571428571;3382
1504;590.689523809524;3485
1505;590.790476190476;3431
1506;590.891428571428;3471
1507;590.992380952381;3375
1508;591.093333333333;3317
1509;591.194285714286;3374
1510;591.295238095238;3407
1511;591.39619047619;3324
1512;591.497142857143;3495
1513;591.598095238095;3309
1514;591.699047619048;3333
1515;591.8;3271
1516;591.900952380952;3400
1517;592.001904761905;3402
1518;592.102857142857;3375
1519;592.203809523809;3377
1520;592.304761904762;3163
1521;592.405714285714;3326
1522;592.506666666667;3387
1523;592.607619047619;3221
1524;592.708571428571;3331
1525;592.809523809524;3253
1526;592.910476190476;3179
1527;593.011428571428;3347
1528;593.112380952381;3237
1529;593.213333333333;3230
1530;593.314285714286;3104
1531;593.415238095238;3271
1532;593.51619047619;3260
1533;593.617142857143;3219
1534;593.718095238095;3243
1535;593.819047619048;3196
1536;593.92;3115
1537;594.020952380952;3174
1538;594.121904761905;3165
1539;594.222857142857;3187
1540;594.323809523809;3112
1541;594.424761904762;3145
1542;594.525714285714;3129
1543;594.626666666667;3145
1544;594.727619047619;3032
1545;594.828571428571;3124
1546;594.929523809524;3101
1547;595.030476190476;3066
1548;595.131428571429;3136
1549;595.232380952381;3036
1550;595.333333333333;3030
1551;595.434285714286;3041
1552;595.535238095238;3125
1553;595.63619047619;3028
1554;595.737142857143;3094
1555;595.838095238095;3077
1556;595.939047619048;2964
1557;596.04;3076
1558;596.140952380952;2984
1559;596.241904761905;3063
1560;596.342857142857;3055
1561;596.443809523809;3002
1562;596.544761904762;2962
1563;596.645714285714;3008
1564;596.746666666667;3016
1565;596.847619047619;2981
1566;596.948571428571;2999
1567;597.049523809524;2899
1568;597.150476190476;2838
1569;597.251428571429;2966
1570;597.352380952381;2892
1571;597.453333333333;2961
1572;597.554285714286;2952
1573;597.655238095238;2927
1574;597.75619047619;2961
1575;597.857142857143;2894
1576;597.958095238095;2851
1577;598.059047619048;2806
1578;598.16;2840
1579;598.260952380952;2850
1580;598.361904761905;2833
1581;598.462857142857;3031
1582;598.563809523809;2761
1583;598.664761904762;2818
1584;598.765714285714;2759
1585;598.866666666667;2795
1586;598.967619047619;2730
1587;599.068571428571;2817
1588;599.169523809524;2691
1589;599.270476190476;2725
1590;599.371428571429;2865
1591;599.472380952381;2695
1592;599.573333333333;2815
1593;599.674285714286;2733
1594;599.775238095238;2702
1595;599.87619047619;2803
1596;599.977142857143;2666
1597;600.078095238095;2710
1598;600.179047619048;2686
1599;600.28;2801
1600;600.380952380952;2738
1601;600.481904761905;2695
1602;600.582857142857;2681
1603;600.683809523809;2697
1604;600.784761904762;2589
1605;600.885714285714;2781
1606;600.986666666667;2618
1607;601.087619047619;2604
1608;601.188571428571;2608
1609;601.289523809524;2652
1610;601.390476190476;2580
1611;601.491428571429;2655
1612;601.592380952381;2620
1613;601.693333333333;2506
1614;601.794285714286;2636
1615;601.895238095238;2706
1616;601.99619047619;2693
1617;602.097142857143;2528
1618;602.198095238095;2565
1619;602.299047619048;2592
1620;602.4;2511
1621;602.500952380952;2577
1622;602.601904761905;2540
1623;602.702857142857;2615
1624;602.803809523809;2574
1625;602.904761904762;2497
1626;603.005714285714;2596
1627;603.106666666667;2488
1628;603.207619047619;2485
1629;603.308571428571;2587
1630;603.409523809524;2471
1631;603.510476190476;2530
1632;603.611428571429;2452
1633;603.712380952381;2521
1634;603.813333333333;2336
1635;603.914285714286;2498
1636;604.015238095238;2433
1637;604.11619047619;2462
1638;604.217142857143;2513
1639;604.318095238095;2428
1640;604.419047619048;2329
1641;604.52;2351
1642;604.620952380952;2479
1643;604.721904761905;2422
1644;604.822857142857;2428
1645;604.923809523809;2408
1646;605.024761904762;2425
1647;605.125714285714;2425
1648;605.226666666667;2413
1649;605.327619047619;2362
1650;605.428571428571;2552
1651;605.529523809524;2313
1652;605.630476190476;2399
1653;605.731428571429;2455
1654;605.832380952381;2321
1655;605.933333333333;2290
1656;606.034285714286;2362
1657;606.135238095238;2346
1658;606.23619047619;2368
1659;606.337142857143;2418
1660;606.438095238095;2361
1661;606.539047619048;2431
1662;606.64;2353
1663;606.740952380952;2310
1664;606.841904761905;2393
1665;606.942857142857;2289
1666;607.04380952381;2393
1667;607.144761904762;2231
1668;607.245714285714;2377
1669;607.346666666667;2379
1670;607.447619047619;2273
1671;607.548571428571;2325
1672;607.649523809524;2213
1673;607.750476190476;2322
1674;607.851428571429;2279
1675;607.952380952381;2315
1676;608.053333333333;2252
1677;608.154285714286;2317
1678;608.255238095238;2171
1679;608.35619047619;2175
1680;608.457142857143;2238
1681;608.558095238095;2324
1682;608.659047619048;2219
1683;608.76;2299
1684;608.860952380952;2203
1685;608.961904761905;2267
1686;609.062857142857;2284
1687;609.16380952381;2312
1688;609.264761904762;2207
1689;609.365714285714;2188
1690;609.466666666667;2158
1691;609.567619047619;2144
1692;609.668571428571;2200
1693;609.769523809524;2104
1694;609.870476190476;2124
1695;609.971428571429;2177
1696;610.072380952381;2314
1697;610.173333333333;2114
1698;610.274285714286;2242
1699;610.375238095238;2112
1700;610.47619047619;2186
1701;610.577142857143;2151
1702;610.678095238095;2131
1703;610.779047619048;2189
1704;610.88;2202
1705;610.980952380952;2125
1706;611.081904761905;2129
1707;611.182857142857;2160
1708;611.28380952381;2029
1709;611.384761904762;2151
1710;611.485714285714;2140
1711;611.586666666667;2052
1712;611.687619047619;2046
1713;611.788571428571;2061
1714;611.889523809524;2100
1715;611.990476190476;2074
1716;612.091428571429;2164
1717;612.192380952381;2067
1718;612.293333333333;2082
1719;612.394285714286;2050
1720;612.495238095238;2125
1721;612.59619047619;2174
1722;612.697142857143;2148
1723;612.798095238095;2111
1724;612.899047619048;2129
1725;613;2165
1726;613.100952380952;2131
1727;613.201904761905;2068
1728;613.302857142857;2106
1729;613.40380952381;1998
1730;613.504761904762;1934
1731;613.605714285714;2028
1732;613.706666666667;2076
1733;613.807619047619;1913
1734;613.908571428571;1919
1735;614.009523809524;1945
1736;614.110476190476;2228
1737;614.211428571429;2024
1738;614.312380952381;2025
1739;614.413333333333;2055
1740;614.514285714286;2076
1741;614.615238095238;2030
1742;614.71619047619;1922
1743;614.817142857143;2028
1744;614.918095238095;1878
1745;615.019047619048;1978
1746;615.12;1969
1747;615.220952380952;2003
1748;615.321904761905;2024
1749;615.422857142857;2051
1750;615.52380952381;2113
1751;615.624761904762;1967
1752;615.725714285714;2042
1753;615.826666666667;2054
1754;615.927619047619;2014
1755;616.028571428571;1977
1756;616.129523809524;2061
1757;616.230476190476;1965
1758;616.331428571429;2065
1759;616.432380952381;1991
1760;616.533333333333;1960
1761;616.634285714286;1919
1762;616.735238095238;2016
1763;616.83619047619;1977
1764;616.937142857143;1921
1765;617.038095238095;1916
1766;617.139047619048;1968
1767;617.24;1884
1768;617.340952380952;1983
1769;617.441904761905;1861
1770;617.542857142857;1818
1771;617.64380952381;1854
1772;617.744761904762;1930
1773;617.845714285714;1983
1774;617.946666666667;1965
1775;618.047619047619;1895
1776;618.148571428571;1923
1777;618.249523809524;1943
1778;618.350476190476;2007
1779;618.451428571429;1877
1780;618.552380952381;1918
1781;618.653333333333;1988
1782;618.754285714286;1957
1783;618.855238095238;1898
1784;618.95619047619;1961
1785;619.057142857143;1885
1786;619.158095238095;1814
1787;619.259047619048;1736
1788;619.36;1799
1789;619.460952380952;1813
1790;619.561904761905;1727
1791;619.662857142857;1783
1792;619.76380952381;1926
1793;619.864761904762;1929
1794;619.965714285714;1811
1795;620.066666666667;1865
1796;620.167619047619;1867
1797;620.268571428571;1741
1798;620.369523809524;1906
1799;620.470476190476;1724
1800;620.571428571429;1844
1801;620.672380952381;1902
1802;620.773333333333;1751
1803;620.874285714286;1825
1804;620.975238095238;1822
1805;621.07619047619;1872
1806;621.177142857143;1879
1807;621.278095238095;1842
1808;621.379047619048;1796
1809;621.48;1803
1810;621.580952380952;1780
1811;621.681904761905;1739
1812;621.782857142857;1857
1813;621.88380952381;1704
1814;621.984761904762;1871
1815;622.085714285714;1790
1816;622.186666666667;1838
1817;622.287619047619;1911
1818;622.388571428571;1756
1819;622.489523809524;1930
1820;622.590476190476;1845
1821;622.691428571429;1805
1822;622.792380952381;1813
1823;622.893333333333;1816
1824;622.994285714286;1877
1825;623.095238095238;1825
1826;623.19619047619;1892
1827;623.297142857143;1665
1828;623.398095238095;1862
1829;623.499047619048;1812
1830;623.6;1728
1831;623.700952380952;1868
1832;623.801904761905;1698
1833;623.902857142857;1711
1834;624.00380952381;1676
1835;624.104761904762;1752
1836;624.205714285714;1900
1837;624.306666666667;1835
1838;624.407619047619;1738
1839;624.508571428571;1854
1840;624.609523809524;1750
1841;624.710476190476;1708
1842;624.811428571429;1832
1843;624.912380952381;1731
1844;625.013333333333;1807
1845;625.114285714286;1791
1846;625.215238095238;1744
1847;625.31619047619;1766
1848;625.417142857143;1676
1849;625.518095238095;1792
1850;625.619047619048;1799
1851;625.72;1728
1852;625.820952380952;1811
1853;625.921904761905;1750
1854;626.022857142857;1678
1855;626.12380952381;1653
1856;626.224761904762;1740
1857;626.325714285714;1690
1858;626.426666666667;1719
1859;626.527619047619;1677
1860;626.628571428571;1614
1861;626.729523809524;1770
1862;626.830476190476;1643
1863;626.931428571429;1750
1864;627.032380952381;1758
1865;627.133333333333;1755
1866;627.234285714286;1749
1867;627.335238095238;1641
1868;627.43619047619;1683
1869;627.537142857143;1735
1870;627.638095238095;1675
1871;627.739047619048;1592
1872;627.84;1783
1873;627.940952380952;1772
1874;628.041904761905;1727
1875;628.142857142857;1765
1876;628.243809523809;1598
1877;628.344761904762;1672
1878;628.445714285714;1738
1879;628.546666666667;1628
1880;628.647619047619;1680
1881;628.748571428571;1687
1882;628.849523809524;1644
1883;628.950476190476;1555
1884;629.051428571429;1682
1885;629.152380952381;1636
1886;629.253333333333;1644
1887;629.354285714286;1764
1888;629.455238095238;1755
1889;629.55619047619;1635
1890;629.657142857143;1634
1891;629.758095238095;1742
1892;629.859047619048;1592
1893;629.96;1603
1894;630.060952380952;1670
1895;630.161904761905;1737
1896;630.262857142857;1603
1897;630.363809523809;1648
1898;630.464761904762;1682
1899;630.565714285714;1729
1900;630.666666666667;1621
1901;630.767619047619;1554
1902;630.868571428571;1724
1903;630.969523809524;1603
1904;631.070476190476;1696
1905;631.171428571429;1637
1906;631.272380952381;1629
1907;631.373333333333;1744
1908;631.474285714286;1665
1909;631.575238095238;1646
1910;631.67619047619;1647
1911;631.777142857143;1569
1912;631.878095238095;1798
1913;631.979047619048;1605
1914;632.08;1749
1915;632.180952380952;1595
1916;632.281904761905;1648
1917;632.382857142857;1631
1918;632.483809523809;1708
1919;632.584761904762;1518
1920;632.685714285714;1539
1921;632.786666666667;1568
1922;632.887619047619;1511
1923;632.988571428571;1788
1924;633.089523809524;1793
1925;633.190476190476;1676
1926;633.291428571429;1614
1927;633.392380952381;1621
1928;633.493333333333;1668
1929;633.594285714286;1524
1930;633.695238095238;1608
1931;633.79619047619;1595
1932;633.897142857143;1645
1933;633.998095238095;1730
1934;634.099047619048;1496
1935;634.2;1618
1936;634.300952380952;1624
1937;634.401904761905;1571
1938;634.502857142857;1699
1939;634.603809523809;1594
1940;634.704761904762;1491
1941;634.805714285714;1614
1942;634.906666666667;1590
1943;635.007619047619;1552
1944;635.108571428571;1585
1945;635.209523809524;1523
1946;635.310476190476;1547
1947;635.411428571429;1585
1948;635.512380952381;1554
1949;635.613333333333;1570
1950;635.714285714286;1556
1951;635.815238095238;1462
1952;635.91619047619;1597
1953;636.017142857143;1617
1954;636.118095238095;1539
1955;636.219047619048;1546
1956;636.32;1537
1957;636.420952380952;1543
1958;636.521904761905;1562
1959;636.622857142857;1489
1960;636.723809523809;1481
1961;636.824761904762;1434
1962;636.925714285714;1466
1963;637.026666666667;1459
1964;637.127619047619;1580
1965;637.228571428571;1545
1966;637.329523809524;1477
1967;637.430476190476;1455
1968;637.531428571429;1573
1969;637.632380952381;1602
1970;637.733333333333;1405
1971;637.834285714286;1475
1972;637.935238095238;1529
1973;638.03619047619;1472
1974;638.137142857143;1517
1975;638.238095238095;1573
1976;638.339047619048;1459
1977;638.44;1481
1978;638.540952380952;1616
1979;638.641904761905;1374
1980;638.742857142857;1544
1981;638.843809523809;1492
1982;638.944761904762;1510
1983;639.045714285714;1504
1984;639.146666666667;1529
1985;639.247619047619;1436
1986;639.348571428571;1470
1987;639.449523809524;1613
1988;639.550476190476;1472
1989;639.651428571428;1489
1990;639.752380952381;1530
1991;639.853333333333;1465
1992;639.954285714286;1512
1993;640.055238095238;1482
1994;640.15619047619;1449
1995;640.257142857143;1503
1996;640.358095238095;1538
1997;640.459047619048;1446
1998;640.56;1533
1999;640.660952380952;1400
2000;640.761904761905;1485
2001;640.862857142857;1459
2002;640.963809523809;1581
2003;641.064761904762;1388
2004;641.165714285714;1544
2005;641.266666666667;1488
2006;641.367619047619;1449
2007;641.468571428571;1554
2008;641.569523809524;1358
2009;641.670476190476;1434
2010;641.771428571428;1408
2011;641.872380952381;1529
2012;641.973333333333;1509
2013;642.074285714286;1511
2014;642.175238095238;1403
2015;642.27619047619;1420
2016;642.377142857143;1512
2017;642.478095238095;1517
2018;642.579047619048;1384
2019;642.68;1417
2020;642.780952380952;1494
2021;642.881904761905;1482
2022;642.982857142857;1477
2023;643.083809523809;1418
2024;643.184761904762;1549
2025;643.285714285714;1481
2026;643.386666666667;1497
2027;643.487619047619;1399
2028;643.588571428571;1401
2029;643.689523809524;1390
2030;643.790476190476;1414
2031;643.891428571428;1437
2032;643.992380952381;1482
2033;644.093333333333;1383
2034;644.194285714286;1489
2035;644.295238095238;1495
2036;644.39619047619;1450
2037;644.497142857143;1439
2038;644.598095238095;1351
2039;644.699047619048;1492
2040;644.8;1388
2041;644.900952380952;1429
2042;645.001904761905;1371
2043;645.102857142857;1418
2044;645.203809523809;1408
2045;645.304761904762;1552
2046;645.405714285714;1367
2047;645.506666666667;1426

