0;438.857142857143;0
1;438.958095238095;0
2;439.059047619048;0
3;439.16;0
4;439.260952380952;0
5;439.361904761905;0
6;439.462857142857;0
7;439.563809523809;0
8;439.664761904762;0
9;439.765714285714;0
10;439.866666666667;0
11;439.967619047619;0
12;440.068571428571;0
13;440.169523809524;0
14;440.270476190476;0
15;440.371428571429;0
16;440.472380952381;0
17;440.573333333333;0
18;440.674285714286;0
19;440.775238095238;0
20;440.87619047619;0
21;440.977142857143;0
22;441.078095238095;79
23;441.179047619048;0
24;441.28;158
25;441.380952380952;24
26;441.481904761905;16
27;441.582857142857;0
28;441.683809523809;0
29;441.784761904762;0
30;441.885714285714;0
31;441.986666666667;0
32;442.087619047619;179
33;442.188571428571;0
34;442.289523809524;28
35;442.390476190476;22
36;442.491428571429;0
37;442.592380952381;199
38;442.693333333333;0
39;442.794285714286;0
40;442.895238095238;95
41;442.99619047619;34
42;443.097142857143;89
43;443.198095238095;211
44;443.299047619048;208
45;443.4;77
46;443.500952380952;93
47;443.601904761905;72
48;443.702857142857;233
49;443.803809523809;330
50;443.904761904762;150
51;444.005714285714;278
52;444.106666666667;280
53;444.207619047619;182
54;444.308571428571;209
55;444.409523809524;301
56;444.510476190476;207
57;444.611428571429;242
58;444.712380952381;441
59;444.813333333333;336
60;444.914285714286;310
61;445.015238095238;299
62;445.11619047619;363
63;445.217142857143;518
64;445.318095238095;234
65;445.419047619048;335
66;445.52;553
67;445.620952380952;483
68;445.721904761905;525
69;445.822857142857;463
70;445.923809523809;451
71;446.024761904762;584
72;446.125714285714;429
73;446.226666666667;524
74;446.327619047619;409
75;446.428571428571;579
76;446.529523809524;600
77;446.630476190476;658
78;446.731428571429;674
79;446.832380952381;656
80;446.933333333333;699
81;447.034285714286;652
82;447.135238095238;783
83;447.23619047619;929
84;447.337142857143;820
85;447.438095238095;975
86;447.539047619048;830
87;447.64;903
88;447.740952380952;784
89;447.841904761905;774
90;447.942857142857;877
91;448.04380952381;929
92;448.144761904762;1043
93;448.245714285714;1006
94;448.346666666667;901
95;448.447619047619;1124
96;448.548571428571;1206
97;448.649523809524;1169
98;448.750476190476;1251
99;448.851428571429;1228
100;448.952380952381;1182
101;449.053333333333;1339
102;449.154285714286;1298
103;449.255238095238;1285
104;449.35619047619;1356
105;449.457142857143;1337
106;449.558095238095;1415
107;449.659047619048;1411
108;449.76;1408
109;449.860952380952;1512
110;449.961904761905;1648
111;450.062857142857;1495
112;450.16380952381;1553
113;450.264761904762;1522
114;450.365714285714;1658
115;450.466666666667;1816
116;450.567619047619;1811
117;450.668571428571;1824
118;450.769523809524;1803
119;450.870476190476;1627
120;450.971428571429;1856
121;451.072380952381;1765
122;451.173333333333;1896
123;451.274285714286;1995
124;451.375238095238;2021
125;451.47619047619;2100
126;451.577142857143;2108
127;451.678095238095;2044
128;451.779047619048;2245
129;451.88;2148
130;451.980952380952;1922
131;452.081904761905;2100
132;452.182857142857;2096
133;452.28380952381;2120
134;452.384761904762;2266
135;452.485714285714;2381
136;452.586666666667;2442
137;452.687619047619;2290
138;452.788571428571;2470
139;452.889523809524;2317
140;452.990476190476;2508
141;453.091428571429;2551
142;453.192380952381;2375
143;453.293333333333;2417
144;453.394285714286;2632
145;453.495238095238;2728
146;453.59619047619;2707
147;453.697142857143;2551
148;453.798095238095;2676
149;453.899047619048;2578
150;454;2666
151;454.100952380952;2519
152;454.201904761905;2253
153;454.302857142857;2466
154;454.40380952381;2591
155;454.504761904762;2609
156;454.605714285714;2745
157;454.706666666667;2814
158;454.807619047619;2689
159;454.908571428571;2635
160;455.009523809524;2836
161;455.110476190476;3032
162;455.211428571429;2973
163;455.312380952381;2970
164;455.413333333333;3005
165;455.514285714286;2858
166;455.615238095238;2840
167;455.71619047619;3016
168;455.817142857143;3045
169;455.918095238095;3096
170;456.019047619048;3023
171;456.12;2970
172;456.220952380952;3210
173;456.321904761905;3092
174;456.422857142857;3056
175;456.52380952381;2847
176;456.624761904762;3187
177;456.725714285714;3155
178;456.826666666667;3040
179;456.927619047619;3110
180;457.028571428571;3135
181;457.129523809524;2849
182;457.230476190476;3157
183;457.331428571429;3150
184;457.432380952381;3165
185;457.533333333333;3077
186;457.634285714286;3070
187;457.735238095238;3352
188;457.83619047619;3345
189;457.937142857143;3358
190;458.038095238095;3236
191;458.139047619048;3231
192;458.24;3308
193;458.340952380952;3192
194;458.441904761905;3265
195;458.542857142857;3040
196;458.64380952381;3381
197;458.744761904762;3182
198;458.845714285714;3248
199;458.946666666667;3260
200;459.047619047619;3224
201;459.148571428571;3318
202;459.249523809524;3351
203;459.350476190476;3222
204;459.451428571429;3264
205;459.552380952381;3558
206;459.653333333333;3371
207;459.754285714286;3359
208;459.855238095238;3435
209;459.95619047619;3406
210;460.057142857143;3243
211;460.158095238095;3195
212;460.259047619048;3319
213;460.36;3301
214;460.460952380952;3177
215;460.561904761905;3347
216;460.662857142857;3389
217;460.763809523809;3291
218;460.864761904762;3190
219;460.965714285714;3268
220;461.066666666667;3427
221;461.167619047619;3450
222;461.268571428571;3285
223;461.369523809524;3325
224;461.470476190476;3320
225;461.571428571429;3289
226;461.672380952381;3529
227;461.773333333333;3118
228;461.874285714286;3446
229;461.975238095238;3316
230;462.07619047619;3270
231;462.177142857143;3450
232;462.278095238095;3415
233;462.379047619048;3587
234;462.48;3214
235;462.580952380952;3341
236;462.681904761905;3477
237;462.782857142857;3547
238;462.883809523809;3535
239;462.984761904762;3349
240;463.085714285714;3542
241;463.186666666667;3266
242;463.287619047619;3507
243;463.388571428571;3319
244;463.489523809524;3590
245;463.590476190476;3337
246;463.691428571429;3393
247;463.792380952381;3419
248;463.893333333333;3515
249;463.994285714286;3441
250;464.095238095238;3476
251;464.19619047619;3398
252;464.297142857143;3363
253;464.398095238095;3575
254;464.499047619048;3528
255;464.6;3458
256;464.700952380952;3439
257;464.801904761905;3481
258;464.902857142857;3321
259;465.003809523809;3406
260;465.104761904762;3457
261;465.205714285714;3483
262;465.306666666667;3358
263;465.407619047619;3270
264;465.508571428571;3469
265;465.609523809524;3574
266;465.710476190476;3495
267;465.811428571429;3353
268;465.912380952381;3409
269;466.013333333333;3446
270;466.114285714286;3337
271;466.215238095238;3455
272;466.31619047619;3664
273;466.417142857143;3326
274;466.518095238095;3377
275;466.619047619048;3612
276;466.72;3561
277;466.820952380952;3442
278;466.921904761905;3639
279;467.022857142857;3610
280;467.123809523809;3584
281;467.224761904762;3470
282;467.325714285714;3523
283;467.426666666667;3525
284;467.527619047619;3571
285;467.628571428571;3596
286;467.729523809524;3641
287;467.830476190476;3571
288;467.931428571429;3470
289;468.032380952381;3507
290;468.133333333333;3432
291;468.234285714286;3442
292;468.335238095238;3463
293;468.43619047619;3713
294;468.537142857143;3697
295;468.638095238095;3660
296;468.739047619048;3701
297;468.84;3663
298;468.940952380952;3368
299;469.041904761905;3576
300;469.142857142857;3588
301;469.243809523809;3624
302;469.344761904762;3561
303;469.445714285714;3546
304;469.546666666667;3714
305;469.647619047619;3706
306;469.748571428571;3670
307;469.849523809524;3604
308;469.950476190476;3579
309;470.051428571429;3587
310;470.152380952381;3649
311;470.253333333333;3461
312;470.354285714286;3648
313;470.455238095238;3767
314;470.55619047619;3807
315;470.657142857143;3450
316;470.758095238095;3588
317;470.859047619048;3612
318;470.96;3555
319;471.060952380952;3585
320;471.161904761905;3367
321;471.262857142857;3750
322;471.363809523809;3584
323;471.464761904762;3519
324;471.565714285714;3622
325;471.666666666667;3425
326;471.767619047619;3497
327;471.868571428571;3600
328;471.969523809524;3495
329;472.070476190476;3709
330;472.171428571429;3566
331;472.272380952381;3454
332;472.373333333333;3570
333;472.474285714286;3409
334;472.575238095238;3572
335;472.67619047619;3517
336;472.777142857143;3529
337;472.878095238095;3521
338;472.979047619048;3516
339;473.08;3504
340;473.180952380952;3722
341;473.281904761905;3618
342;473.382857142857;3524
343;473.483809523809;3442
344;473.584761904762;3502
345;473.685714285714;3475
346;473.786666666667;3167
347;473.887619047619;3322
348;473.988571428571;3301
349;474.089523809524;3549
350;474.190476190476;3369
351;474.291428571429;3503
352;474.392380952381;3597
353;474.493333333333;3482
354;474.594285714286;3524
355;474.695238095238;3468
356;474.79619047619;3525
357;474.897142857143;3316
358;474.998095238095;3375
359;475.099047619048;3522
360;475.2;3318
361;475.300952380952;3358
362;475.401904761905;3400
363;475.502857142857;3453
364;475.60380952381;3299
365;475.704761904762;3419
366;475.805714285714;3247
367;475.906666666667;3376
368;476.007619047619;3450
369;476.108571428571;3259
370;476.209523809524;3341
371;476.310476190476;3461
372;476.411428571429;3416
373;476.512380952381;3405
374;476.613333333333;3287
375;476.714285714286;3228
376;476.815238095238;3348
377;476.91619047619;3166
378;477.017142857143;3252
379;477.118095238095;3271
380;477.219047619048;3228
381;477.32;3088
382;477.420952380952;3281
383;477.521904761905;3362
384;477.622857142857;3437
385;477.72380952381;3232
386;477.824761904762;3122
387;477.925714285714;3344
388;478.026666666667;3325
389;478.127619047619;3268
390;478.228571428571;3390
391;478.329523809524;3283
392;478.430476190476;3194
393;478.531428571429;3076
394;478.632380952381;2944
395;478.733333333333;3343
396;478.834285714286;3389
397;478.935238095238;3151
398;479.03619047619;3246
399;479.137142857143;3206
400;479.238095238095;3295
401;479.339047619048;3248
402;479.44;3161
403;479.540952380952;3007
404;479.641904761905;3193
405;479.742857142857;3033
406;479.84380952381;3270
407;479.944761904762;3106
408;480.045714285714;3303
409;480.146666666667;3218
410;480.247619047619;3094
411;480.348571428571;3213
412;480.449523809524;3053
413;480.550476190476;3217
414;480.651428571429;2953
415;480.752380952381;3073
416;480.853333333333;3140
417;480.954285714286;2934
418;481.055238095238;3262
419;481.15619047619;3080
420;481.257142857143;3050
421;481.358095238095;3268
422;481.459047619048;3099
423;481.56;3101
424;481.660952380952;3116
425;481.761904761905;3095
426;481.862857142857;3182
427;481.96380952381;3075
428;482.064761904762;3278
429;482.165714285714;3068
430;482.266666666667;3049
431;482.367619047619;3023
432;482.468571428571;3255
433;482.569523809524;2909
434;482.670476190476;3076
435;482.771428571429;3112
436;482.872380952381;2955
437;482.973333333333;3083
438;483.074285714286;3026
439;483.175238095238;3036
440;483.27619047619;3128
441;483.377142857143;3163
442;483.478095238095;3307
443;483.579047619048;2957
444;483.68;3160
445;483.780952380952;3072
446;483.881904761905;3019
447;483.982857142857;3163
448;484.08380952381;3084
449;484.184761904762;2900
450;484.285714285714;3010
451;484.386666666667;3133
452;484.487619047619;3029
453;484.588571428571;2914
454;484.689523809524;3128
455;484.790476190476;2879
456;484.891428571429;3144
457;484.992380952381;2948
458;485.093333333333;3153
459;485.194285714286;3224
460;485.295238095238;3097
461;485.39619047619;3232
462;485.497142857143;3368
463;485.598095238095;3066
464;485.699047619048;2904
465;485.8;3142
466;485.900952380952;2944
467;486.001904761905;3240
468;486.102857142857;2957
469;486.203809523809;3104
470;486.304761904762;3123
471;486.405714285714;3276
472;486.506666666667;3118
473;486.607619047619;3026
474;486.708571428571;3170
475;486.809523809524;3019
476;486.910476190476;3074
477;487.011428571429;3141
478;487.112380952381;3057
479;487.213333333333;3067
480;487.314285714286;3065
481;487.415238095238;3127
482;487.51619047619;3098
483;487.617142857143;3062
484;487.718095238095;3227
485;487.819047619048;3268
486;487.92;3111
487;488.020952380952;3269
488;488.121904761905;3097
489;488.222857142857;3235
490;488.323809523809;3264
491;488.424761904762;2995
492;488.525714285714;3120
493;488.626666666667;3214
494;488.727619047619;2993
495;488.828571428571;3194
496;488.929523809524;2973
497;489.030476190476;3086
498;489.131428571429;3143
499;489.232380952381;3176
500;489.333333333333;2977
501;489.434285714286;3106
502;489.535238095238;3059
503;489.63619047619;3105
504;489.737142857143;3094
505;489.838095238095;3180
506;489.939047619048;3023
507;490.04;3241
508;490.140952380952;3250
509;490.241904761905;3041
510;490.342857142857;3098
511;490.443809523809;3147
512;490.544761904762;3106
513;490.645714285714;3357
514;490.746666666667;3112
515;490.847619047619;2981
516;490.948571428571;3269
517;491.049523809524;2925
518;491.150476190476;3304
519;491.251428571429;3144
520;491.352380952381;3166
521;491.453333333333;3338
522;491.554285714286;3296
523;491.655238095238;3374
524;491.75619047619;3316
525;491.857142857143;3171
526;491.958095238095;3243
527;492.059047619048;3400
528;492.16;3197
529;492.260952380952;3140
530;492.361904761905;3229
531;492.462857142857;3141
532;492.563809523809;3264
533;492.664761904762;3402
534;492.765714285714;3428
535;492.866666666667;3248
536;492.967619047619;3248
537;493.068571428571;3364
538;493.169523809524;3195
539;493.270476190476;3278
540;493.371428571429;3238
541;493.472380952381;3510
542;493.573333333333;3412
543;493.674285714286;3469
544;493.775238095238;3547
545;493.87619047619;3371
546;493.977142857143;3477
547;494.078095238095;3604
548;494.179047619048;3402
549;494.28;3519
550;494.380952380952;3457
551;494.481904761905;3320
552;494.582857142857;3510
553;494.683809523809;3423
554;494.784761904762;3411
555;494.885714285714;3236
556;494.986666666667;3650
557;495.087619047619;3395
558;495.188571428571;3681
559;495.289523809524;3447
560;495.390476190476;3752
561;495.491428571429;3573
562;495.592380952381;3613
563;495.693333333333;3642
564;495.794285714286;3669
565;495.895238095238;3552
566;495.99619047619;3738
567;496.097142857143;3572
568;496.198095238095;3747
569;496.299047619048;3524
570;496.4;3430
571;496.500952380952;3621
572;496.601904761905;3554
573;496.702857142857;3633
574;496.803809523809;3590
575;496.904761904762;3685
576;497.005714285714;3932
577;497.106666666667;3909
578;497.207619047619;3818
579;497.308571428571;3595
580;497.409523809524;3846
581;497.510476190476;3798
582;497.611428571429;3692
583;497.712380952381;3887
584;497.813333333333;3881
585;497.914285714286;3797
586;498.015238095238;3887
587;498.11619047619;3890
588;498.217142857143;3959
589;498.318095238095;3906
590;498.419047619048;4044
591;498.52;4065
592;498.620952380952;3949
593;498.721904761905;4005
594;498.822857142857;3869
595;498.923809523809;3928
596;499.024761904762;3964
597;499.125714285714;4072
598;499.226666666667;3914
599;499.327619047619;4220
600;499.428571428571;4064
601;499.529523809524;4040
602;499.630476190476;4172
603;499.731428571429;4011
604;499.832380952381;4192
605;499.933333333333;4282
606;500.034285714286;4216
607;500.135238095238;4254
608;500.23619047619;4251
609;500.337142857143;4324
610;500.438095238095;4269
611;500.539047619048;4230
612;500.64;4409
613;500.740952380952;4277
614;500.841904761905;4052
615;500.942857142857;4110
616;501.04380952381;4355
617;501.144761904762;4346
618;501.245714285714;4254
619;501.346666666667;4370
620;501.447619047619;4413
621;501.548571428571;4455
622;501.649523809524;4359
623;501.750476190476;4481
624;501.851428571429;4739
625;501.952380952381;4548
626;502.053333333333;4639
627;502.154285714286;4561
628;502.255238095238;4536
629;502.35619047619;4629
630;502.457142857143;4498
631;502.558095238095;4511
632;502.659047619048;4484
633;502.76;4638
634;502.860952380952;4714
635;502.961904761905;4543
636;503.062857142857;4821
637;503.16380952381;4648
638;503.264761904762;4653
639;503.365714285714;4749
640;503.466666666667;4819
641;503.567619047619;4838
642;503.668571428571;4892
643;503.769523809524;4850
644;503.870476190476;4738
645;503.971428571429;4751
646;504.072380952381;4803
647;504.173333333333;4860
648;504.274285714286;4797
649;504.375238095238;4925
650;504.47619047619;4927
651;504.577142857143;4961
652;504.678095238095;5156
653;504.779047619048;4924
654;504.88;5078
655;504.980952380952;4803
656;505.081904761905;5178
657;505.182857142857;5360
658;505.28380952381;5076
659;505.384761904762;5173
660;505.485714285714;5097
661;505.586666666667;5103
662;505.687619047619;5236
663;505.788571428571;5176
664;505.889523809524;5342
665;505.990476190476;5238
666;506.091428571429;5323
667;506.192380952381;5420
668;506.293333333333;5250
669;506.394285714286;5361
670;506.495238095238;5313
671;506.59619047619;5301
672;506.697142857143;5288
673;506.798095238095;5567
674;506.899047619048;5538
675;507;5424
676;507.100952380952;5560
677;507.201904761905;5376
678;507.302857142857;5477
679;507.40380952381;5289
680;507.504761904762;5492
681;507.605714285714;5452
682;507.706666666667;5490
683;507.807619047619;5536
684;507.908571428571;5454
685;508.009523809524;5546
686;508.110476190476;5514
687;508.211428571429;5585
688;508.312380952381;5760
689;508.413333333333;5525
690;508.514285714286;5691
691;508.615238095238;5613
692;508.71619047619;5622
693;508.817142857143;5748
694;508.918095238095;5842
695;509.019047619048;5673
696;509.12;5908
697;509.220952380952;5767
698;509.321904761905;5724
699;509.422857142857;5769
700;509.52380952381;5834
701;509.624761904762;5870
702;509.725714285714;5883
703;509.826666666667;5878
704;509.927619047619;5920
705;510.028571428571;5807
706;510.129523809524;6113
707;510.230476190476;5875
708;510.331428571429;5993
709;510.432380952381;5908
710;510.533333333333;5989
711;510.634285714286;6144
712;510.735238095238;6045
713;510.83619047619;6282
714;510.937142857143;5940
715;511.038095238095;6044
716;511.139047619048;6012
717;511.24;5964
718;511.340952380952;6259
719;511.441904761905;6150
720;511.542857142857;6302
721;511.64380952381;6106
722;511.744761904762;6250
723;511.845714285714;6329
724;511.946666666667;6121
725;512.047619047619;6115
726;512.148571428571;6517
727;512.249523809524;6251
728;512.350476190476;6312
729;512.451428571429;6388
730;512.552380952381;6429
731;512.653333333333;6482
732;512.754285714286;6497
733;512.855238095238;6346
734;512.956190476191;6410
735;513.057142857143;6396
736;513.158095238095;6387
737;513.259047619048;6326
738;513.36;6601
739;513.460952380952;6467
740;513.561904761905;6436
741;513.662857142857;6465
742;513.76380952381;6477
743;513.864761904762;6458
744;513.965714285714;6535
745;514.066666666667;6516
746;514.167619047619;6292
747;514.268571428571;6646
748;514.369523809524;6591
749;514.470476190476;6577
750;514.571428571429;6332
751;514.672380952381;6682
752;514.773333333333;6813
753;514.874285714286;6533
754;514.975238095238;6434
755;515.07619047619;6776
756;515.177142857143;6767
757;515.278095238095;6694
758;515.379047619048;6718
759;515.48;6775
760;515.580952380952;6846
761;515.681904761905;6911
762;515.782857142857;6601
763;515.88380952381;6823
764;515.984761904762;6605
765;516.085714285714;6841
766;516.186666666667;6889
767;516.287619047619;6666
768;516.388571428571;6789
769;516.489523809524;6758
770;516.590476190476;6836
771;516.691428571429;6810
772;516.792380952381;6733
773;516.893333333333;6674
774;516.994285714286;6803
775;517.095238095238;7009
776;517.19619047619;6859
777;517.297142857143;6758
778;517.398095238095;6737
779;517.499047619048;7003
780;517.6;6941
781;517.700952380952;7119
782;517.801904761905;6955
783;517.902857142857;6918
784;518.00380952381;7149
785;518.104761904762;6906
786;518.205714285714;7025
787;518.306666666667;6915
788;518.407619047619;7125
789;518.508571428571;7116
790;518.609523809524;7023
791;518.710476190476;6976
792;518.811428571429;6861
793;518.912380952381;7060
794;519.013333333333;7120
795;519.114285714286;7209
796;519.215238095238;7058
797;519.31619047619;7184
798;519.417142857143;6986
799;519.518095238095;7138
800;519.619047619048;7232
801;519.72;6919
802;519.820952380952;7064
803;519.921904761905;7169
804;520.022857142857;7075
805;520.12380952381;7124
806;520.224761904762;7285
807;520.325714285714;7262
808;520.426666666667;7144
809;520.527619047619;7217
810;520.628571428571;7200
811;520.729523809524;7210
812;520.830476190476;7155
813;520.931428571429;7094
814;521.032380952381;7114
815;521.133333333333;7156
816;521.234285714286;7319
817;521.335238095238;7159
818;521.43619047619;7121
819;521.537142857143;7187
820;521.638095238095;7204
821;521.739047619048;7383
822;521.84;7203
823;521.940952380952;7322
824;522.041904761905;7457
825;522.142857142857;7178
826;522.24380952381;7183
827;522.344761904762;7315
828;522.445714285714;7418
829;522.546666666667;7370
830;522.647619047619;7417
831;522.748571428571;7455
832;522.849523809524;7357
833;522.950476190476;7445
834;523.051428571429;7313
835;523.152380952381;7345
836;523.253333333333;7531
837;523.354285714286;7336
838;523.455238095238;7310
839;523.55619047619;7410
840;523.657142857143;7398
841;523.758095238095;7690
842;523.859047619048;7276
843;523.96;7437
844;524.060952380952;7279
845;524.161904761905;7489
846;524.262857142857;7309
847;524.36380952381;7314
848;524.464761904762;7674
849;524.565714285714;7609
850;524.666666666667;7632
851;524.767619047619;7470
852;524.868571428571;7455
853;524.969523809524;7523
854;525.070476190476;7626
855;525.171428571429;7497
856;525.272380952381;7737
857;525.373333333333;7630
858;525.474285714286;7477
859;525.575238095238;7590
860;525.67619047619;7585
861;525.777142857143;7522
862;525.878095238095;7697
863;525.979047619048;7538
864;526.08;7493
865;526.180952380952;7660
866;526.281904761905;7755
867;526.382857142857;7562
868;526.483809523809;7503
869;526.584761904762;7546
870;526.685714285714;7616
871;526.786666666667;7567
872;526.887619047619;7343
873;526.988571428571;7583
874;527.089523809524;7608
875;527.190476190476;7610
876;527.291428571429;7493
877;527.392380952381;7671
878;527.493333333333;7681
879;527.594285714286;7356
880;527.695238095238;7491
881;527.79619047619;7416
882;527.897142857143;7524
883;527.998095238095;7560
884;528.099047619048;7592
885;528.2;7617
886;528.300952380952;7656
887;528.401904761905;7614
888;528.502857142857;7626
889;528.603809523809;7596
890;528.704761904762;7600
891;528.805714285714;7498
892;528.906666666667;7233
893;529.007619047619;7043
894;529.108571428571;7122
895;529.209523809524;7059
896;529.310476190476;6949
897;529.411428571429;7206
898;529.512380952381;7149
899;529.613333333333;7275
900;529.714285714286;7120
901;529.815238095238;7258
902;529.91619047619;7465
903;530.017142857143;7462
904;530.118095238095;7681
905;530.219047619048;7324
906;530.32;7735
907;530.420952380952;7653
908;530.521904761905;7587
909;530.622857142857;7509
910;530.723809523809;7726
911;530.824761904762;7671
912;530.925714285714;7645
913;531.026666666667;7555
914;531.127619047619;7494
915;531.228571428571;7560
916;531.329523809524;7387
917;531.430476190476;7574
918;531.531428571429;7818
919;531.632380952381;7723
920;531.733333333333;7702
921;531.834285714286;7553
922;531.935238095238;7749
923;532.03619047619;7823
924;532.137142857143;7637
925;532.238095238095;7757
926;532.339047619048;7726
927;532.44;7658
928;532.540952380952;7530
929;532.641904761905;7530
930;532.742857142857;7860
931;532.843809523809;7549
932;532.944761904762;7437
933;533.045714285714;7591
934;533.146666666667;7699
935;533.247619047619;7580
936;533.348571428571;7482
937;533.449523809524;7738
938;533.550476190476;7639
939;533.651428571429;7707
940;533.752380952381;7611
941;533.853333333333;7579
942;533.954285714286;7679
943;534.055238095238;7539
944;534.15619047619;7767
945;534.257142857143;7477
946;534.358095238095;7723
947;534.459047619048;7763
948;534.56;7529
949;534.660952380952;7760
950;534.761904761905;7748
951;534.862857142857;7707
952;534.963809523809;7661
953;535.064761904762;7803
954;535.165714285714;7764
955;535.266666666667;7837
956;535.367619047619;7753
957;535.468571428571;7598
958;535.569523809524;7834
959;535.670476190476;7829
960;535.771428571428;7668
961;535.872380952381;7754
962;535.973333333333;7555
963;536.074285714286;7767
964;536.175238095238;7893
965;536.27619047619;7522
966;536.377142857143;7625
967;536.478095238095;7613
968;536.579047619048;7691
969;536.68;7837
970;536.780952380952;7535
971;536.881904761905;7786
972;536.982857142857;7584
973;537.083809523809;7537
974;537.184761904762;7754
975;537.285714285714;7602
976;537.386666666667;7552
977;537.487619047619;7750
978;537.588571428571;7921
979;537.689523809524;7777
980;537.790476190476;7477
981;537.891428571428;7580
982;537.992380952381;7705
983;538.093333333333;7539
984;538.194285714286;7674
985;538.295238095238;7720
986;538.39619047619;7666
987;538.497142857143;7766
988;538.598095238095;7645
989;538.699047619048;7589
990;538.8;7554
991;538.900952380952;7571
992;539.001904761905;7768
993;539.102857142857;7780
994;539.203809523809;7522
995;539.304761904762;7709
996;539.405714285714;7537
997;539.506666666667;7700
998;539.607619047619;7760
999;539.708571428571;7664
1000;539.809523809524;7618
1001;539.910476190476;7841
1002;540.011428571428;7731
1003;540.112380952381;7737
1004;540.213333333333;7835
1005;540.314285714286;7685
1006;540.415238095238;7585
1007;540.51619047619;7674
1008;540.617142857143;7606
1009;540.718095238095;7731
1010;540.819047619048;7814
1011;540.92;7644
1012;541.020952380952;7679
1013;541.121904761905;7649
1014;541.222857142857;7643
1015;541.323809523809;7569
1016;541.424761904762;7779
1017;541.525714285714;7639
1018;541.626666666667;7562
1019;541.727619047619;7553
1020;541.828571428571;7526
1021;541.929523809524;7677
1022;542.030476190476;7429
1023;542.131428571429;7619
1024;542.232380952381;7320
1025;542.333333333333;7500
1026;542.434285714286;7558
1027;542.535238095238;7446
1028;542.63619047619;7351
1029;542.737142857143;7716
1030;542.838095238095;7604
1031;542.939047619048;7629
1032;543.04;7771
1033;543.140952380952;7437
1034;543.241904761905;7615
1035;543.342857142857;7460
1036;543.443809523809;7560
1037;543.544761904762;7597
1038;543.645714285714;7380
1039;543.746666666667;7623
1040;543.847619047619;7522
1041;543.948571428571;7528
1042;544.049523809524;7600
1043;544.150476190476;7536
1044;544.251428571429;7483
1045;544.352380952381;7612
1046;544.453333333333;7589
1047;544.554285714286;7350
1048;544.655238095238;7518
1049;544.75619047619;7501
1050;544.857142857143;7644
1051;544.958095238095;7555
1052;545.059047619048;7473
1053;545.16;7581
1054;545.260952380952;7322
1055;545.361904761905;7334
1056;545.462857142857;7592
1057;545.563809523809;7528
1058;545.664761904762;7617
1059;545.765714285714;7493
1060;545.866666666667;7535
1061;545.967619047619;7480
1062;546.068571428571;7582
1063;546.169523809524;7527
1064;546.270476190476;7578
1065;546.371428571429;7507
1066;546.472380952381;7464
1067;546.573333333333;7635
1068;546.674285714286;7533
1069;546.775238095238;7547
1070;546.87619047619;7509
1071;546.977142857143;7420
1072;547.078095238095;7628
1073;547.179047619048;7238
1074;547.28;7411
1075;547.380952380952;7482
1076;547.481904761905;7318
1077;547.582857142857;7372
1078;547.683809523809;7471
1079;547.784761904762;7573
1080;547.885714285714;7417
1081;547.986666666667;7419
1082;548.087619047619;7502
1083;548.188571428571;7531
1084;548.289523809524;7422
1085;548.390476190476;7458
1086;548.491428571429;7478
1087;548.592380952381;7210
1088;548.693333333333;7528
1089;548.794285714286;7296
1090;548.895238095238;7273
1091;548.99619047619;7359
1092;549.097142857143;7413
1093;549.198095238095;7426
1094;549.299047619048;7311
1095;549.4;7348
1096;549.500952380952;7275
1097;549.601904761905;7449
1098;549.702857142857;7468
1099;549.803809523809;7262
1100;549.904761904762;7262
1101;550.005714285714;7296
1102;550.106666666667;7280
1103;550.207619047619;7275
1104;550.308571428571;7469
1105;550.409523809524;7397
1106;550.510476190476;7277
1107;550.611428571429;7472
1108;550.712380952381;7297
1109;550.813333333333;7211
1110;550.914285714286;7080
1111;551.015238095238;7368
1112;551.11619047619;7392
1113;551.217142857143;7258
1114;551.318095238095;7363
1115;551.419047619048;7495
1116;551.52;7254
1117;551.620952380952;7310
1118;551.721904761905;7313
1119;551.822857142857;7379
1120;551.923809523809;7316
1121;552.024761904762;7207
1122;552.125714285714;7347
1123;552.226666666667;7320
1124;552.327619047619;7367
1125;552.428571428571;7234
1126;552.529523809524;7257
1127;552.630476190476;7442
1128;552.731428571429;7375
1129;552.832380952381;7339
1130;552.933333333333;7423
1131;553.034285714286;7102
1132;553.135238095238;7355
1133;553.23619047619;7304
1134;553.337142857143;7253
1135;553.438095238095;7345
1136;553.539047619048;7197
1137;553.64;7311
1138;553.740952380952;7220
1139;553.841904761905;7227
1140;553.942857142857;7396
1141;554.04380952381;7200
1142;554.144761904762;7193
1143;554.245714285714;7274
1144;554.346666666667;7309
1145;554.447619047619;7155
1146;554.548571428571;7176
1147;554.649523809524;7120
1148;554.750476190476;7169
1149;554.851428571429;7138
1150;554.952380952381;7167
1151;555.053333333333;7058
1152;555.154285714286;7140
1153;555.255238095238;7049
1154;555.35619047619;7208
1155;555.457142857143;7194
1156;555.558095238095;7231
1157;555.659047619048;7074
1158;555.76;7100
1159;555.860952380952;7030
1160;555.961904761905;7109
1161;556.062857142857;7173
1162;556.16380952381;7082
1163;556.264761904762;7106
1164;556.365714285714;7185
1165;556.466666666667;7088
1166;556.567619047619;7067
1167;556.668571428571;7021
1168;556.769523809524;7198
1169;556.870476190476;7062
1170;556.971428571429;7219
1171;557.072380952381;7040
1172;557.173333333333;7094
1173;557.274285714286;6990
1174;557.375238095238;7080
1175;557.47619047619;6942
1176;557.577142857143;7130
1177;557.678095238095;7095
1178;557.779047619048;6805
1179;557.88;7234
1180;557.980952380952;7051
1181;558.081904761905;6946
1182;558.182857142857;7019
1183;558.28380952381;6850
1184;558.384761904762;7055
1185;558.485714285714;7000
1186;558.586666666667;7098
1187;558.687619047619;6957
1188;558.788571428571;6889
1189;558.889523809524;6949
1190;558.990476190476;7064
1191;559.091428571429;7041
1192;559.192380952381;6943
1193;559.293333333333;7000
1194;559.394285714286;7170
1195;559.495238095238;7003
1196;559.59619047619;7128
1197;559.697142857143;6954
1198;559.798095238095;6837
1199;559.899047619048;6819
1200;560;7040
1201;560.100952380952;6968
1202;560.201904761905;6952
1203;560.302857142857;6869
1204;560.40380952381;7017
1205;560.504761904762;6992
1206;560.605714285714;7086
1207;560.706666666667;6936
1208;560.807619047619;6947
1209;560.908571428571;7092
1210;561.009523809524;7144
1211;561.110476190476;7023
1212;561.211428571429;6916
1213;561.312380952381;6967
1214;561.413333333333;6940
1215;561.514285714286;6898
1216;561.615238095238;6839
1217;561.71619047619;7068
1218;561.817142857143;6941
1219;561.918095238095;6974
1220;562.019047619048;6757
1221;562.12;6701
1222;562.220952380952;6860
1223;562.321904761905;6937
1224;562.422857142857;6919
1225;562.52380952381;6833
1226;562.624761904762;6765
1227;562.725714285714;6834
1228;562.826666666667;6701
1229;562.927619047619;6836
1230;563.028571428571;6733
1231;563.129523809524;6870
1232;563.230476190476;6954
1233;563.331428571429;6758
1234;563.432380952381;6669
1235;563.533333333333;6728
1236;563.634285714286;6793
1237;563.735238095238;6835
1238;563.83619047619;6699
1239;563.937142857143;6893
1240;564.038095238095;6767
1241;564.139047619048;6703
1242;564.24;6714
1243;564.340952380952;6683
1244;564.441904761905;6658
1245;564.542857142857;6724
1246;564.64380952381;6780
1247;564.744761904762;6827
1248;564.845714285714;6716
1249;564.946666666667;6901
1250;565.047619047619;6696
1251;565.148571428571;6778
1252;565.249523809524;6579
1253;565.350476190476;6842
1254;565.451428571429;6850
1255;565.552380952381;6781
1256;565.653333333333;6661
1257;565.754285714286;6744
1258;565.855238095238;6601
1259;565.956190476191;6770
1260;566.057142857143;6673
1261;566.158095238095;6746
1262;566.259047619048;6879
1263;566.36;6706
1264;566.460952380952;6731
1265;566.561904761905;6712
1266;566.662857142857;6705
1267;566.76380952381;6642
1268;566.864761904762;6725
1269;566.965714285714;6793
1270;567.066666666667;6758
1271;567.167619047619;6527
1272;567.268571428571;6691
1273;567.369523809524;6628
1274;567.470476190476;6614
1275;567.571428571429;6781
1276;567.672380952381;6559
1277;567.773333333333;6743
1278;567.874285714286;6542
1279;567.975238095238;6619
1280;568.07619047619;6618
1281;568.177142857143;6731
1282;568.278095238095;6809
1283;568.379047619048;6697
1284;568.48;6629
1285;568.580952380952;6669
1286;568.681904761905;6747
1287;568.782857142857;6588
1288;568.88380952381;6641
1289;568.984761904762;6625
1290;569.085714285714;6716
1291;569.186666666667;6598
1292;569.287619047619;6516
1293;569.388571428571;6598
1294;569.489523809524;6636
1295;569.590476190476;6522
1296;569.691428571429;6709
1297;569.792380952381;6624
1298;569.893333333333;6727
1299;569.994285714286;6616
1300;570.095238095238;6561
1301;570.19619047619;6476
1302;570.297142857143;6604
1303;570.398095238095;6639
1304;570.499047619048;6602
1305;570.6;6565
1306;570.700952380952;6552
1307;570.801904761905;6584
1308;570.902857142857;6394
1309;571.00380952381;6509
1310;571.104761904762;6400
1311;571.205714285714;6556
1312;571.306666666667;6532
1313;571.407619047619;6610
1314;571.508571428571;6319
1315;571.609523809524;6522
1316;571.710476190476;6563
1317;571.811428571429;6418
1318;571.912380952381;6603
1319;572.013333333333;6412
1320;572.114285714286;6451
1321;572.215238095238;6341
1322;572.31619047619;6485
1323;572.417142857143;6387
1324;572.518095238095;6350
1325;572.619047619048;6394
1326;572.72;6522
1327;572.820952380952;6479
1328;572.921904761905;6401
1329;573.022857142857;6458
1330;573.12380952381;6335
1331;573.224761904762;6347
1332;573.325714285714;6340
1333;573.426666666667;6362
1334;573.527619047619;6327
1335;573.628571428571;6341
1336;573.729523809524;6277
1337;573.830476190476;6358
1338;573.931428571429;6271
1339;574.032380952381;6258
1340;574.133333333333;6195
1341;574.234285714286;6202
1342;574.335238095238;6313
1343;574.43619047619;6154
1344;574.537142857143;6407
1345;574.638095238095;6278
1346;574.739047619048;6347
1347;574.84;6297
1348;574.940952380952;6265
1349;575.041904761905;6249
1350;575.142857142857;6103
1351;575.24380952381;6144
1352;575.344761904762;6290
1353;575.445714285714;6150
1354;575.546666666667;6218
1355;575.647619047619;6135
1356;575.748571428571;6164
1357;575.849523809524;6045
1358;575.950476190476;6353
1359;576.051428571429;6213
1360;576.152380952381;6170
1361;576.253333333333;6106
1362;576.354285714286;6177
1363;576.455238095238;6169
1364;576.55619047619;6148
1365;576.657142857143;6121
1366;576.758095238095;6149
1367;576.859047619048;6161
1368;576.96;6121
1369;577.060952380952;6069
1370;577.161904761905;6013
1371;577.262857142857;6052
1372;577.363809523809;6254
1373;577.464761904762;6173
1374;577.565714285714;6205
1375;577.666666666667;6005
1376;577.767619047619;6058
1377;577.868571428571;6163
1378;577.969523809524;6250
1379;578.070476190476;5939
1380;578.171428571429;5998
1381;578.272380952381;5933
1382;578.373333333333;6151
1383;578.474285714286;6073
1384;578.575238095238;5934
1385;578.67619047619;5967
1386;578.777142857143;5870
1387;578.878095238095;5868
1388;578.979047619048;5858
1389;579.08;6003
1390;579.180952380952;5868
1391;579.281904761905;5923
1392;579.382857142857;6018
1393;579.483809523809;5839
1394;579.584761904762;5832
1395;579.685714285714;5890
1396;579.786666666667;5883
1397;579.887619047619;6003
1398;579.988571428571;5863
1399;580.089523809524;5796
1400;580.190476190476;5879
1401;580.291428571429;5825
1402;580.392380952381;5709
1403;580.493333333333;5791
1404;580.594285714286;5588
1405;580.695238095238;5739
1406;580.79619047619;5877
1407;580.897142857143;5760
1408;580.998095238095;5741
1409;581.099047619048;5642
1410;581.2;5723
1411;581.300952380952;5637
1412;581.401904761905;5580
1413;581.502857142857;5659
1414;581.603809523809;5581
1415;581.704761904762;5683
1416;581.805714285714;5703
1417;581.906666666667;5692
1418;582.007619047619;5692
1419;582.108571428571;5663
1420;582.209523809524;5655
1421;582.310476190476;5469
1422;582.411428571429;5564
1423;582.512380952381;5604
1424;582.613333333333;5599
1425;582.714285714286;5376
1426;582.815238095238;5549
1427;582.91619047619;5458
1428;583.017142857143;5576
1429;583.118095238095;5512
1430;583.219047619048;5440
1431;583.32;5441
1432;583.420952380952;5331
1433;583.521904761905;5408
1434;583.622857142857;5490
1435;583.723809523809;5606
1436;583.824761904762;5400
1437;583.925714285714;5275
1438;584.026666666667;5382
1439;584.127619047619;5345
1440;584.228571428571;5303
1441;584.329523809524;5312
1442;584.430476190476;5359
1443;584.531428571429;5417
1444;584.632380952381;5399
1445;584.733333333333;5305
1446;584.834285714286;5302
1447;584.935238095238;5340
1448;585.03619047619;5387
1449;585.137142857143;5461
1450;585.238095238095;5324
1451;585.339047619048;5361
1452;585.44;5418
1453;585.540952380952;5275
1454;585.641904761905;5319
1455;585.742857142857;5188
1456;585.843809523809;5137
1457;585.944761904762;5283
1458;586.045714285714;5200
1459;586.146666666667;5067
1460;586.247619047619;5280
1461;586.348571428571;5241
1462;586.449523809524;5112
1463;586.550476190476;4994
1464;586.651428571428;5162
1465;586.752380952381;5100
1466;586.853333333333;5187
1467;586.954285714286;5156
1468;587.055238095238;4959
1469;587.15619047619;5131
1470;587.257142857143;5070
1471;587.358095238095;5035
1472;587.459047619048;5008
1473;587.56;5084
1474;587.660952380952;5125
1475;587.761904761905;5049
1476;587.862857142857;5108
1477;587.963809523809;4978
1478;588.064761904762;5046
1479;588.165714285714;5092
1480;588.266666666667;5048
1481;588.367619047619;4994
1482;588.468571428571;5039
1483;588.569523809524;4921
1484;588.670476190476;4943
1485;588.771428571428;4926
1486;588.872380952381;4887
1487;588.973333333333;4848
1488;589.074285714286;4919
1489;589.175238095238;5026
1490;589.27619047619;4997
1491;589.377142857143;4844
1492;589.478095238095;4726
1493;589.579047619048;4888
1494;589.68;4785
1495;589.780952380952;4754
1496;589.881904761905;4808
1497;589.982857142857;4876
1498;590.083809523809;4768
1499;590.184761904762;4747
1500;590.285714285714;4723
1501;590.386666666667;4730
1502;590.487619047619;4970
1503;590.588571428571;4700
1504;590.689523809524;4711
1505;590.790476190476;4663
1506;590.891428571428;4737
1507;590.992380952381;4607
1508;591.093333333333;4790
1509;591.194285714286;4621
1510;591.295238095238;4603
1511;591.39619047619;4675
1512;591.497142857143;4599
1513;591.598095238095;4615
1514;591.699047619048;4716
1515;591.8;4605
1516;591.900952380952;4573
1517;592.001904761905;4588
1518;592.102857142857;4660
1519;592.203809523809;4458
1520;592.304761904762;4534
1521;592.405714285714;4601
1522;592.506666666667;4530
1523;592.607619047619;4494
1524;592.708571428571;4563
1525;592.809523809524;4559
1526;592.910476190476;4613
1527;593.011428571428;4575
1528;593.112380952381;4529
1529;593.213333333333;4412
1530;593.314285714286;4425
1531;593.415238095238;4418
1532;593.51619047619;4472
1533;593.617142857143;4369
1534;593.718095238095;4388
1535;593.819047619048;4362
1536;593.92;4463
1537;594.020952380952;4404
1538;594.121904761905;4354
1539;594.222857142857;4368
1540;594.323809523809;4223
1541;594.424761904762;4407
1542;594.525714285714;4266
1543;594.626666666667;4419
1544;594.727619047619;4264
1545;594.828571428571;4360
1546;594.929523809524;4330
1547;595.030476190476;4283
1548;595.131428571429;4219
1549;595.232380952381;4160
1550;595.333333333333;4300
1551;595.434285714286;4153
1552;595.535238095238;4328
1553;595.63619047619;4161
1554;595.737142857143;4236
1555;595.838095238095;4256
1556;595.939047619048;4166
1557;596.04;4226
1558;596.140952380952;4182
1559;596.241904761905;4140
1560;596.342857142857;4216
1561;596.443809523809;4131
1562;596.544761904762;4245
1563;596.645714285714;4145
1564;596.746666666667;4114
1565;596.847619047619;4202
1566;596.948571428571;4185
1567;597.049523809524;4062
1568;597.150476190476;4057
1569;597.251428571429;3965
1570;597.352380952381;4169
1571;597.453333333333;4138
1572;597.554285714286;4121
1573;597.655238095238;3982
1574;597.75619047619;4084
1575;597.857142857143;4007
1576;597.958095238095;4093
1577;598.059047619048;4000
1578;598.16;3935
1579;598.260952380952;3958
1580;598.361904761905;3942
1581;598.462857142857;3922
1582;598.563809523809;3894
1583;598.664761904762;3937
1584;598.765714285714;3913
1585;598.866666666667;3895
1586;598.967619047619;3863
1587;599.068571428571;3909
1588;599.169523809524;3834
1589;599.270476190476;3764
1590;599.371428571429;3989
1591;599.472380952381;3804
1592;599.573333333333;3959
1593;599.674285714286;3843
1594;599.775238095238;3896
1595;599.87619047619;3723
1596;599.977142857143;3698
1597;600.078095238095;3640
1598;600.179047619048;3747
1599;600.28;3744
1600;600.380952380952;3774
1601;600.481904761905;3797
1602;600.582857142857;3762
1603;600.683809523809;3781
1604;600.784761904762;3676
1605;600.885714285714;3719
1606;600.986666666667;3651
1607;601.087619047619;3669
1608;601.188571428571;3736
1609;601.289523809524;3586
1610;601.390476190476;3559
1611;601.491428571429;3529
1612;601.592380952381;3676
1613;601.693333333333;3610
1614;601.794285714286;3589
1615;601.895238095238;3704
1616;601.99619047619;3652
1617;602.097142857143;3540
1618;602.198095238095;3575
1619;602.299047619048;3536
1620;602.4;3542
1621;602.500952380952;3434
1622;602.601904761905;3582
1623;602.702857142857;3564
1624;602.803809523809;3562
1625;602.904761904762;3497
1626;603.005714285714;3531
1627;603.106666666667;3411
1628;603.207619047619;3322
1629;603.308571428571;3551
1630;603.409523809524;3469
1631;603.510476190476;3527
1632;603.611428571429;3460
1633;603.712380952381;3515
1634;603.813333333333;3366
1635;603.914285714286;3391
1636;604.015238095238;3340
1637;604.11619047619;3416
1638;604.217142857143;3498
1639;604.318095238095;3321
1640;604.419047619048;3313
1641;604.52;3420
1642;604.620952380952;3438
1643;604.721904761905;3491
1644;604.822857142857;3286
1645;604.923809523809;3238
1646;605.024761904762;3176
1647;605.125714285714;3387
1648;605.226666666667;3441
1649;605.327619047619;3211
1650;605.428571428571;3355
1651;605.529523809524;3426
1652;605.630476190476;3334
1653;605.731428571429;3293
1654;605.832380952381;3177
1655;605.933333333333;3174
1656;606.034285714286;3103
1657;606.135238095238;3165
1658;606.23619047619;3223
1659;606.337142857143;3278
1660;606.438095238095;3227
1661;606.539047619048;3237
1662;606.64;3211
1663;606.740952380952;3218
1664;606.841904761905;3169
1665;606.942857142857;3178
1666;607.04380952381;3258
1667;607.144761904762;3076
1668;607.245714285714;3131
1669;607.346666666667;3139
1670;607.447619047619;3063
1671;607.548571428571;3143
1672;607.649523809524;3048
1673;607.750476190476;3197
1674;607.851428571429;3157
1675;607.952380952381;3070
1676;608.053333333333;3113
1677;608.154285714286;3088
1678;608.255238095238;2956
1679;608.35619047619;3022
1680;608.457142857143;2957
1681;608.558095238095;3057
1682;608.659047619048;2982
1683;608.76;3020
1684;608.860952380952;2973
1685;608.961904761905;2981
1686;609.062857142857;2934
1687;609.16380952381;3029
1688;609.264761904762;2928
1689;609.365714285714;2955
1690;609.466666666667;2897
1691;609.567619047619;2905
1692;609.668571428571;2781
1693;609.769523809524;2888
1694;609.870476190476;2855
1695;609.971428571429;2860
1696;610.072380952381;2918
1697;610.173333333333;3010
1698;610.274285714286;2958
1699;610.375238095238;2913
1700;610.47619047619;2838
1701;610.577142857143;2861
1702;610.678095238095;2777
1703;610.779047619048;2943
1704;610.88;2828
1705;610.980952380952;3007
1706;611.081904761905;2858
1707;611.182857142857;2835
1708;611.28380952381;2762
1709;611.384761904762;2800
1710;611.485714285714;2717
1711;611.586666666667;2751
1712;611.687619047619;2778
1713;611.788571428571;2833
1714;611.889523809524;2734
1715;611.990476190476;2873
1716;612.091428571429;2746
1717;612.192380952381;2679
1718;612.293333333333;2810
1719;612.394285714286;2765
1720;612.495238095238;2862
1721;612.59619047619;2815
1722;612.697142857143;2820
1723;612.798095238095;2761
1724;612.899047619048;2750
1725;613;2799
1726;613.100952380952;2763
1727;613.201904761905;2704
1728;613.302857142857;2763
1729;613.40380952381;2641
1730;613.504761904762;2613
1731;613.605714285714;2798
1732;613.706666666667;2714
1733;613.807619047619;2753
1734;613.908571428571;2570
1735;614.009523809524;2570
1736;614.110476190476;2673
1737;614.211428571429;2641
1738;614.312380952381;2599
1739;614.413333333333;2581
1740;614.514285714286;2495
1741;614.615238095238;2587
1742;614.71619047619;2461
1743;614.817142857143;2497
1744;614.918095238095;2511
1745;615.019047619048;2595
1746;615.12;2483
1747;615.220952380952;2705
1748;615.321904761905;2514
1749;615.422857142857;2598
1750;615.52380952381;2620
1751;615.624761904762;2552
1752;615.725714285714;2567
1753;615.826666666667;2615
1754;615.927619047619;2679
1755;616.028571428571;2550
1756;616.129523809524;2460
1757;616.230476190476;2504
1758;616.331428571429;2568
1759;616.432380952381;2493
1760;616.533333333333;2503
1761;616.634285714286;2396
1762;616.735238095238;2536
1763;616.83619047619;2428
1764;616.937142857143;2428
1765;617.038095238095;2398
1766;617.139047619048;2526
1767;617.24;2426
1768;617.340952380952;2448
1769;617.441904761905;2362
1770;617.542857142857;2477
1771;617.64380952381;2385
1772;617.744761904762;2329
1773;617.845714285714;2326
1774;617.946666666667;2473
1775;618.047619047619;2419
1776;618.148571428571;2405
1777;618.249523809524;2415
1778;618.350476190476;2499
1779;618.451428571429;2317
1780;618.552380952381;2534
1781;618.653333333333;2353
1782;618.754285714286;2465
1783;618.855238095238;2276
1784;618.95619047619;2451
1785;619.057142857143;2287
1786;619.158095238095;2284
1787;619.259047619048;2322
1788;619.36;2314
1789;619.460952380952;2254
1790;619.561904761905;2158
1791;619.662857142857;2088
1792;619.76380952381;2327
1793;619.864761904762;2335
1794;619.965714285714;2271
1795;620.066666666667;2213
1796;620.167619047619;2232
1797;620.268571428571;2218
1798;620.369523809524;2341
1799;620.470476190476;2104
1800;620.571428571429;2228
1801;620.672380952381;2204
1802;620.773333333333;2219
1803;620.874285714286;2176
1804;620.975238095238;2250
1805;621.07619047619;2314
1806;621.177142857143;2192
1807;621.278095238095;2256
1808;621.379047619048;2220
1809;621.48;2175
1810;621.580952380952;2115
1811;621.681904761905;2118
1812;621.782857142857;2128
1813;621.88380952381;2170
1814;621.984761904762;2177
1815;622.085714285714;2187
1816;622.186666666667;2177
1817;622.287619047619;2112
1818;622.388571428571;2147
1819;622.489523809524;2261
1820;622.590476190476;2024
1821;622.691428571429;2064
1822;622.792380952381;2138
1823;622.893333333333;2117
1824;622.994285714286;2105
1825;623.095238095238;1920
1826;623.19619047619;2134
1827;623.297142857143;2035
1828;623.398095238095;2156
1829;623.499047619048;2142
1830;623.6;2118
1831;623.700952380952;2105
1832;623.801904761905;2029
1833;623.902857142857;2062
1834;624.00380952381;2059
1835;624.104761904762;2001
1836;624.205714285714;2087
1837;624.306666666667;2067
1838;624.407619047619;2067
1839;624.508571428571;2083
1840;624.609523809524;2010
1841;624.710476190476;1934
1842;624.811428571429;2004
1843;624.912380952381;1981
1844;625.013333333333;1899
1845;625.114285714286;2029
1846;625.215238095238;1991
1847;625.31619047619;1990
1848;625.417142857143;1909
1849;625.518095238095;1982
1850;625.619047619048;1948
1851;625.72;1836
1852;625.820952380952;1971
1853;625.921904761905;1909
1854;626.022857142857;1835
1855;626.12380952381;1912
1856;626.224761904762;1936
1857;626.325714285714;1902
1858;626.426666666667;1877
1859;626.527619047619;1894
1860;626.628571428571;1866
1861;626.729523809524;1874
1862;626.830476190476;1971
1863;626.931428571429;1879
1864;627.032380952381;1925
1865;627.133333333333;1945
1866;627.234285714286;1979
1867;627.335238095238;1887
1868;627.43619047619;1770
1869;627.537142857143;1891
1870;627.638095238095;1950
1871;627.739047619048;1813
1872;627.84;1910
1873;627.940952380952;1959
1874;628.041904761905;1909
1875;628.142857142857;1891
1876;628.243809523809;1713
1877;628.344761904762;1869
1878;628.445714285714;1907
1879;628.546666666667;1759
1880;628.647619047619;1807
1881;628.748571428571;1810
1882;628.849523809524;1760
1883;628.950476190476;1805
1884;629.051428571429;1867
1885;629.152380952381;1837
1886;629.253333333333;1737
1887;629.354285714286;1830
1888;629.455238095238;1714
1889;629.55619047619;1762
1890;629.657142857143;1743
1891;629.758095238095;1772
1892;629.859047619048;1739
1893;629.96;1651
1894;630.060952380952;1841
1895;630.161904761905;1775
1896;630.262857142857;1836
1897;630.363809523809;1725
1898;630.464761904762;1774
1899;630.565714285714;1842
1900;630.666666666667;1772
1901;630.767619047619;1754
1902;630.868571428571;1794
1903;630.969523809524;1757
1904;631.070476190476;1777
1905;631.171428571429;1798
1906;631.272380952381;1669
1907;631.373333333333;1767
1908;631.474285714286;1812
1909;631.575238095238;1649
1910;631.67619047619;1665
1911;631.777142857143;1627
1912;631.878095238095;1737
1913;631.979047619048;1718
1914;632.08;1813
1915;632.180952380952;1666
1916;632.281904761905;1765
1917;632.382857142857;1742
1918;632.483809523809;1747
1919;632.584761904762;1720
1920;632.685714285714;1673
1921;632.786666666667;1630
1922;632.887619047619;1625
1923;632.988571428571;1776
1924;633.089523809524;1688
1925;633.190476190476;1649
1926;633.291428571429;1659
1927;633.392380952381;1640
1928;633.493333333333;1586
1929;633.594285714286;1572
1930;633.695238095238;1754
1931;633.79619047619;1720
1932;633.897142857143;1658
1933;633.998095238095;1731
1934;634.099047619048;1666
1935;634.2;1629
1936;634.300952380952;1590
1937;634.401904761905;1625
1938;634.502857142857;1677
1939;634.603809523809;1517
1940;634.704761904762;1611
1941;634.805714285714;1653
1942;634.906666666667;1465
1943;635.007619047619;1511
1944;635.108571428571;1553
1945;635.209523809524;1593
1946;635.310476190476;1562
1947;635.411428571429;1660
1948;635.512380952381;1607
1949;635.613333333333;1540
1950;635.714285714286;1653
1951;635.815238095238;1425
1952;635.91619047619;1614
1953;636.017142857143;1622
1954;636.118095238095;1670
1955;636.219047619048;1713
1956;636.32;1518
1957;636.420952380952;1539
1958;636.521904761905;1525
1959;636.622857142857;1465
1960;636.723809523809;1580
1961;636.824761904762;1491
1962;636.925714285714;1528
1963;637.026666666667;1642
1964;637.127619047619;1526
1965;637.228571428571;1536
1966;637.329523809524;1428
1967;637.430476190476;1598
1968;637.531428571429;1533
1969;637.632380952381;1585
1970;637.733333333333;1514
1971;637.834285714286;1442
1972;637.935238095238;1561
1973;638.03619047619;1492
1974;638.137142857143;1430
1975;638.238095238095;1473
1976;638.339047619048;1469
1977;638.44;1419
1978;638.540952380952;1488
1979;638.641904761905;1475
1980;638.742857142857;1428
1981;638.843809523809;1601
1982;638.944761904762;1567
1983;639.045714285714;1396
1984;639.146666666667;1607
1985;639.247619047619;1394
1986;639.348571428571;1419
1987;639.449523809524;1488
1988;639.550476190476;1374
1989;639.651428571428;1408
1990;639.752380952381;1501
1991;639.853333333333;1469
1992;639.954285714286;1548
1993;640.055238095238;1421
1994;640.15619047619;1402
1995;640.257142857143;1382
1996;640.358095238095;1400
1997;640.459047619048;1442
1998;640.56;1547
1999;640.660952380952;1467
2000;640.761904761905;1317
2001;640.862857142857;1372
2002;640.963809523809;1443
2003;641.064761904762;1357
2004;641.165714285714;1426
2005;641.266666666667;1420
2006;641.367619047619;1418
2007;641.468571428571;1547
2008;641.569523809524;1405
2009;641.670476190476;1321
2010;641.771428571428;1380
2011;641.872380952381;1395
2012;641.973333333333;1399
2013;642.074285714286;1513
2014;642.175238095238;1432
2015;642.27619047619;1402
2016;642.377142857143;1413
2017;642.478095238095;1346
2018;642.579047619048;1301
2019;642.68;1336
2020;642.780952380952;1415
2021;642.881904761905;1367
2022;642.982857142857;1401
2023;643.083809523809;1297
2024;643.184761904762;1422
2025;643.285714285714;1578
2026;643.386666666667;1374
2027;643.487619047619;1337
2028;643.588571428571;1323
2029;643.689523809524;1403
2030;643.790476190476;1315
2031;643.891428571428;1351
2032;643.992380952381;1355
2033;644.093333333333;1300
2034;644.194285714286;1384
2035;644.295238095238;1193
2036;644.39619047619;1405
2037;644.497142857143;1415
2038;644.598095238095;1196
2039;644.699047619048;1294
2040;644.8;1257
2041;644.900952380952;1233
2042;645.001904761905;1313
2043;645.102857142857;1310
2044;645.203809523809;1277
2045;645.304761904762;1338
2046;645.405714285714;1219
2047;645.506666666667;1145

