0;438.857142857143;4001
1;438.958095238095;4171
2;439.059047619048;4311
3;439.16;3989
4;439.260952380952;4251
5;439.361904761905;4188
6;439.462857142857;4389
7;439.563809523809;4365
8;439.664761904762;4620
9;439.765714285714;4567
10;439.866666666667;4664
11;439.967619047619;4572
12;440.068571428571;4842
13;440.169523809524;4936
14;440.270476190476;5009
15;440.371428571429;5038
16;440.472380952381;5040
17;440.573333333333;5029
18;440.674285714286;5114
19;440.775238095238;5180
20;440.87619047619;5131
21;440.977142857143;5266
22;441.078095238095;5376
23;441.179047619048;5343
24;441.28;5638
25;441.380952380952;5647
26;441.481904761905;5927
27;441.582857142857;5616
28;441.683809523809;5683
29;441.784761904762;5829
30;441.885714285714;5923
31;441.986666666667;6025
32;442.087619047619;6062
33;442.188571428571;5971
34;442.289523809524;6390
35;442.390476190476;6455
36;442.491428571429;6354
37;442.592380952381;6687
38;442.693333333333;6543
39;442.794285714286;6591
40;442.895238095238;6783
41;442.99619047619;6855
42;443.097142857143;6985
43;443.198095238095;7191
44;443.299047619048;7207
45;443.4;6999
46;443.500952380952;7307
47;443.601904761905;7384
48;443.702857142857;7531
49;443.803809523809;7733
50;443.904761904762;7391
51;444.005714285714;7777
52;444.106666666667;7856
53;444.207619047619;7953
54;444.308571428571;8012
55;444.409523809524;8259
56;444.510476190476;8156
57;444.611428571429;8390
58;444.712380952381;8402
59;444.813333333333;8458
60;444.914285714286;8631
61;445.015238095238;8758
62;445.11619047619;8851
63;445.217142857143;9139
64;445.318095238095;8965
65;445.419047619048;9023
66;445.52;9535
67;445.620952380952;9361
68;445.721904761905;9403
69;445.822857142857;9584
70;445.923809523809;9291
71;446.024761904762;9853
72;446.125714285714;9764
73;446.226666666667;9889
74;446.327619047619;9774
75;446.428571428571;10109
76;446.529523809524;10258
77;446.630476190476;10440
78;446.731428571429;10450
79;446.832380952381;10481
80;446.933333333333;10562
81;447.034285714286;10581
82;447.135238095238;10810
83;447.23619047619;11095
84;447.337142857143;10962
85;447.438095238095;11255
86;447.539047619048;11312
87;447.64;11523
88;447.740952380952;11359
89;447.841904761905;11467
90;447.942857142857;11627
91;448.04380952381;11700
92;448.144761904762;12065
93;448.245714285714;12165
94;448.346666666667;11955
95;448.447619047619;12293
96;448.548571428571;12308
97;448.649523809524;12522
98;448.750476190476;12684
99;448.851428571429;12465
100;448.952380952381;12604
101;449.053333333333;12880
102;449.154285714286;12949
103;449.255238095238;13040
104;449.35619047619;13164
105;449.457142857143;13330
106;449.558095238095;13100
107;449.659047619048;13230
108;449.76;13632
109;449.860952380952;13558
110;449.961904761905;13767
111;450.062857142857;13660
112;450.16380952381;13659
113;450.264761904762;13792
114;450.365714285714;13881
115;450.466666666667;13953
116;450.567619047619;14096
117;450.668571428571;14151
118;450.769523809524;14102
119;450.870476190476;14158
120;450.971428571429;14322
121;451.072380952381;14342
122;451.173333333333;14521
123;451.274285714286;14807
124;451.375238095238;14803
125;451.47619047619;14579
126;451.577142857143;14819
127;451.678095238095;15072
128;451.779047619048;14903
129;451.88;14865
130;451.980952380952;14817
131;452.081904761905;14945
132;452.182857142857;15010
133;452.28380952381;15087
134;452.384761904762;15018
135;452.485714285714;15028
136;452.586666666667;15142
137;452.687619047619;15173
138;452.788571428571;15375
139;452.889523809524;15193
140;452.990476190476;15480
141;453.091428571429;15493
142;453.192380952381;15102
143;453.293333333333;15119
144;453.394285714286;15084
145;453.495238095238;15506
146;453.59619047619;15438
147;453.697142857143;15381
148;453.798095238095;15243
149;453.899047619048;14860
150;454;14967
151;454.100952380952;14257
152;454.201904761905;14034
153;454.302857142857;14473
154;454.40380952381;14248
155;454.504761904762;14669
156;454.605714285714;14788
157;454.706666666667;15305
158;454.807619047619;14930
159;454.908571428571;14880
160;455.009523809524;15460
161;455.110476190476;15220
162;455.211428571429;15326
163;455.312380952381;15081
164;455.413333333333;15224
165;455.514285714286;14928
166;455.615238095238;14814
167;455.71619047619;14883
168;455.817142857143;14790
169;455.918095238095;14938
170;456.019047619048;14730
171;456.12;14649
172;456.220952380952;14993
173;456.321904761905;14597
174;456.422857142857;14729
175;456.52380952381;14345
176;456.624761904762;14794
177;456.725714285714;14472
178;456.826666666667;14346
179;456.927619047619;14166
180;457.028571428571;14424
181;457.129523809524;13999
182;457.230476190476;14186
183;457.331428571429;14093
184;457.432380952381;14117
185;457.533333333333;13978
186;457.634285714286;13703
187;457.735238095238;14069
188;457.83619047619;13828
189;457.937142857143;13928
190;458.038095238095;13961
191;458.139047619048;13531
192;458.24;13394
193;458.340952380952;13504
194;458.441904761905;13436
195;458.542857142857;13216
196;458.64380952381;13251
197;458.744761904762;13363
198;458.845714285714;13296
199;458.946666666667;13118
200;459.047619047619;12884
201;459.148571428571;13099
202;459.249523809524;12991
203;459.350476190476;12850
204;459.451428571429;12715
205;459.552380952381;12754
206;459.653333333333;12677
207;459.754285714286;12643
208;459.855238095238;12753
209;459.95619047619;12483
210;460.057142857143;12369
211;460.158095238095;12136
212;460.259047619048;12179
213;460.36;12288
214;460.460952380952;11837
215;460.561904761905;11958
216;460.662857142857;11896
217;460.763809523809;11721
218;460.864761904762;11964
219;460.965714285714;11664
220;461.066666666667;11963
221;461.167619047619;11646
222;461.268571428571;11568
223;461.369523809524;11556
224;461.470476190476;11622
225;461.571428571429;11297
226;461.672380952381;11519
227;461.773333333333;10946
228;461.874285714286;11380
229;461.975238095238;11139
230;462.07619047619;11040
231;462.177142857143;11205
232;462.278095238095;11065
233;462.379047619048;11090
234;462.48;10591
235;462.580952380952;10666
236;462.681904761905;10746
237;462.782857142857;10990
238;462.883809523809;10715
239;462.984761904762;10519
240;463.085714285714;10609
241;463.186666666667;10407
242;463.287619047619;10773
243;463.388571428571;10489
244;463.489523809524;10475
245;463.590476190476;10200
246;463.691428571429;10227
247;463.792380952381;10034
248;463.893333333333;10192
249;463.994285714286;10155
250;464.095238095238;10030
251;464.19619047619;10003
252;464.297142857143;9989
253;464.398095238095;9762
254;464.499047619048;9705
255;464.6;9861
256;464.700952380952;9637
257;464.801904761905;9756
258;464.902857142857;9407
259;465.003809523809;9834
260;465.104761904762;9422
261;465.205714285714;9454
262;465.306666666667;9292
263;465.407619047619;9023
264;465.508571428571;9317
265;465.609523809524;9427
266;465.710476190476;9335
267;465.811428571429;9074
268;465.912380952381;9109
269;466.013333333333;9078
270;466.114285714286;8783
271;466.215238095238;9035
272;466.31619047619;9047
273;466.417142857143;8796
274;466.518095238095;8873
275;466.619047619048;9107
276;466.72;8821
277;466.820952380952;8743
278;466.921904761905;8964
279;467.022857142857;8690
280;467.123809523809;8545
281;467.224761904762;8644
282;467.325714285714;8593
283;467.426666666667;8490
284;467.527619047619;8477
285;467.628571428571;8470
286;467.729523809524;8476
287;467.830476190476;8404
288;467.931428571429;8423
289;468.032380952381;8328
290;468.133333333333;8373
291;468.234285714286;8218
292;468.335238095238;8030
293;468.43619047619;8281
294;468.537142857143;8210
295;468.638095238095;8220
296;468.739047619048;8041
297;468.84;7911
298;468.940952380952;7846
299;469.041904761905;7845
300;469.142857142857;8036
301;469.243809523809;7840
302;469.344761904762;7901
303;469.445714285714;7719
304;469.546666666667;7840
305;469.647619047619;7816
306;469.748571428571;7698
307;469.849523809524;7640
308;469.950476190476;7601
309;470.051428571429;7498
310;470.152380952381;7486
311;470.253333333333;7575
312;470.354285714286;7526
313;470.455238095238;7650
314;470.55619047619;7569
315;470.657142857143;7511
316;470.758095238095;7355
317;470.859047619048;7185
318;470.96;7159
319;471.060952380952;7290
320;471.161904761905;6929
321;471.262857142857;7143
322;471.363809523809;7212
323;471.464761904762;7085
324;471.565714285714;7131
325;471.666666666667;6972
326;471.767619047619;6867
327;471.868571428571;7022
328;471.969523809524;7030
329;472.070476190476;6983
330;472.171428571429;6706
331;472.272380952381;6827
332;472.373333333333;6745
333;472.474285714286;6529
334;472.575238095238;6779
335;472.67619047619;6747
336;472.777142857143;6541
337;472.878095238095;6530
338;472.979047619048;6578
339;473.08;6679
340;473.180952380952;6603
341;473.281904761905;6498
342;473.382857142857;6363
343;473.483809523809;6419
344;473.584761904762;6201
345;473.685714285714;6271
346;473.786666666667;5803
347;473.887619047619;6155
348;473.988571428571;6085
349;474.089523809524;5942
350;474.190476190476;5917
351;474.291428571429;6115
352;474.392380952381;6147
353;474.493333333333;6042
354;474.594285714286;5881
355;474.695238095238;5872
356;474.79619047619;6047
357;474.897142857143;5689
358;474.998095238095;5847
359;475.099047619048;5954
360;475.2;5758
361;475.300952380952;5733
362;475.401904761905;5690
363;475.502857142857;5731
364;475.60380952381;5515
365;475.704761904762;5643
366;475.805714285714;5472
367;475.906666666667;5699
368;476.007619047619;5579
369;476.108571428571;5449
370;476.209523809524;5225
371;476.310476190476;5442
372;476.411428571429;5521
373;476.512380952381;5553
374;476.613333333333;5286
375;476.714285714286;5380
376;476.815238095238;5349
377;476.91619047619;5156
378;477.017142857143;5126
379;477.118095238095;5287
380;477.219047619048;5252
381;477.32;5154
382;477.420952380952;5160
383;477.521904761905;5233
384;477.622857142857;5111
385;477.72380952381;5010
386;477.824761904762;4829
387;477.925714285714;5138
388;478.026666666667;5016
389;478.127619047619;4995
390;478.228571428571;4999
391;478.329523809524;4918
392;478.430476190476;4789
393;478.531428571429;4898
394;478.632380952381;4631
395;478.733333333333;4991
396;478.834285714286;4731
397;478.935238095238;4674
398;479.03619047619;4719
399;479.137142857143;4813
400;479.238095238095;4785
401;479.339047619048;4557
402;479.44;4619
403;479.540952380952;4427
404;479.641904761905;4576
405;479.742857142857;4522
406;479.84380952381;4750
407;479.944761904762;4625
408;480.045714285714;4707
409;480.146666666667;4606
410;480.247619047619;4409
411;480.348571428571;4449
412;480.449523809524;4358
413;480.550476190476;4477
414;480.651428571429;4201
415;480.752380952381;4378
416;480.853333333333;4270
417;480.954285714286;4213
418;481.055238095238;4422
419;481.15619047619;4222
420;481.257142857143;4311
421;481.358095238095;4221
422;481.459047619048;4096
423;481.56;4109
424;481.660952380952;4133
425;481.761904761905;4065
426;481.862857142857;4230
427;481.96380952381;4078
428;482.064761904762;4314
429;482.165714285714;4158
430;482.266666666667;4138
431;482.367619047619;4035
432;482.468571428571;4107
433;482.569523809524;3957
434;482.670476190476;3923
435;482.771428571429;4043
436;482.872380952381;3943
437;482.973333333333;3991
438;483.074285714286;3948
439;483.175238095238;3991
440;483.27619047619;3975
441;483.377142857143;4079
442;483.478095238095;4017
443;483.579047619048;3884
444;483.68;3877
445;483.780952380952;3913
446;483.881904761905;3871
447;483.982857142857;3838
448;484.08380952381;3976
449;484.184761904762;3744
450;484.285714285714;3860
451;484.386666666667;3715
452;484.487619047619;3779
453;484.588571428571;3866
454;484.689523809524;3718
455;484.790476190476;3572
456;484.891428571429;3815
457;484.992380952381;3695
458;485.093333333333;3797
459;485.194285714286;3767
460;485.295238095238;3760
461;485.39619047619;3851
462;485.497142857143;3871
463;485.598095238095;3680
464;485.699047619048;3629
465;485.8;3580
466;485.900952380952;3605
467;486.001904761905;3707
468;486.102857142857;3616
469;486.203809523809;3672
470;486.304761904762;3790
471;486.405714285714;3912
472;486.506666666667;3701
473;486.607619047619;3512
474;486.708571428571;3584
475;486.809523809524;3549
476;486.910476190476;3534
477;487.011428571429;3596
478;487.112380952381;3490
479;487.213333333333;3418
480;487.314285714286;3522
481;487.415238095238;3575
482;487.51619047619;3612
483;487.617142857143;3449
484;487.718095238095;3547
485;487.819047619048;3695
486;487.92;3529
487;488.020952380952;3644
488;488.121904761905;3522
489;488.222857142857;3521
490;488.323809523809;3691
491;488.424761904762;3370
492;488.525714285714;3526
493;488.626666666667;3415
494;488.727619047619;3398
495;488.828571428571;3393
496;488.929523809524;3419
497;489.030476190476;3423
498;489.131428571429;3485
499;489.232380952381;3371
500;489.333333333333;3288
501;489.434285714286;3439
502;489.535238095238;3257
503;489.63619047619;3290
504;489.737142857143;3357
505;489.838095238095;3436
506;489.939047619048;3315
507;490.04;3428
508;490.140952380952;3423
509;490.241904761905;3304
510;490.342857142857;3390
511;490.443809523809;3395
512;490.544761904762;3148
513;490.645714285714;3547
514;490.746666666667;3300
515;490.847619047619;3211
516;490.948571428571;3343
517;491.049523809524;3208
518;491.150476190476;3379
519;491.251428571429;3190
520;491.352380952381;3255
521;491.453333333333;3375
522;491.554285714286;3428
523;491.655238095238;3441
524;491.75619047619;3437
525;491.857142857143;3221
526;491.958095238095;3377
527;492.059047619048;3382
528;492.16;3310
529;492.260952380952;3370
530;492.361904761905;3284
531;492.462857142857;3108
532;492.563809523809;3265
533;492.664761904762;3439
534;492.765714285714;3475
535;492.866666666667;3326
536;492.967619047619;3276
537;493.068571428571;3340
538;493.169523809524;3271
539;493.270476190476;3335
540;493.371428571429;3187
541;493.472380952381;3474
542;493.573333333333;3320
543;493.674285714286;3399
544;493.775238095238;3425
545;493.87619047619;3261
546;493.977142857143;3473
547;494.078095238095;3374
548;494.179047619048;3435
549;494.28;3528
550;494.380952380952;3224
551;494.481904761905;3204
552;494.582857142857;3293
553;494.683809523809;3229
554;494.784761904762;3544
555;494.885714285714;3192
556;494.986666666667;3404
557;495.087619047619;3356
558;495.188571428571;3544
559;495.289523809524;3448
560;495.390476190476;3438
561;495.491428571429;3364
562;495.592380952381;3404
563;495.693333333333;3458
564;495.794285714286;3476
565;495.895238095238;3287
566;495.99619047619;3432
567;496.097142857143;3174
568;496.198095238095;3501
569;496.299047619048;3352
570;496.4;3037
571;496.500952380952;3346
572;496.601904761905;3409
573;496.702857142857;3344
574;496.803809523809;3414
575;496.904761904762;3474
576;497.005714285714;3551
577;497.106666666667;3442
578;497.207619047619;3550
579;497.308571428571;3299
580;497.409523809524;3471
581;497.510476190476;3527
582;497.611428571429;3485
583;497.712380952381;3539
584;497.813333333333;3511
585;497.914285714286;3475
586;498.015238095238;3519
587;498.11619047619;3604
588;498.217142857143;3669
589;498.318095238095;3453
590;498.419047619048;3509
591;498.52;3615
592;498.620952380952;3588
593;498.721904761905;3492
594;498.822857142857;3502
595;498.923809523809;3526
596;499.024761904762;3587
597;499.125714285714;3520
598;499.226666666667;3536
599;499.327619047619;3683
600;499.428571428571;3615
601;499.529523809524;3491
602;499.630476190476;3574
603;499.731428571429;3546
604;499.832380952381;3585
605;499.933333333333;3719
606;500.034285714286;3867
607;500.135238095238;3541
608;500.23619047619;3795
609;500.337142857143;3760
610;500.438095238095;3721
611;500.539047619048;3797
612;500.64;3802
613;500.740952380952;3569
614;500.841904761905;3606
615;500.942857142857;3650
616;501.04380952381;3878
617;501.144761904762;3725
618;501.245714285714;3664
619;501.346666666667;3713
620;501.447619047619;3601
621;501.548571428571;3787
622;501.649523809524;3656
623;501.750476190476;3804
624;501.851428571429;3994
625;501.952380952381;3806
626;502.053333333333;3817
627;502.154285714286;3670
628;502.255238095238;3850
629;502.35619047619;3695
630;502.457142857143;3751
631;502.558095238095;3928
632;502.659047619048;3831
633;502.76;3797
634;502.860952380952;3937
635;502.961904761905;3735
636;503.062857142857;3980
637;503.16380952381;3867
638;503.264761904762;3908
639;503.365714285714;4032
640;503.466666666667;4049
641;503.567619047619;3840
642;503.668571428571;3827
643;503.769523809524;3940
644;503.870476190476;3858
645;503.971428571429;3838
646;504.072380952381;3858
647;504.173333333333;3993
648;504.274285714286;3934
649;504.375238095238;3975
650;504.47619047619;4031
651;504.577142857143;4033
652;504.678095238095;4282
653;504.779047619048;3985
654;504.88;4091
655;504.980952380952;3949
656;505.081904761905;4130
657;505.182857142857;4363
658;505.28380952381;4014
659;505.384761904762;4045
660;505.485714285714;4084
661;505.586666666667;4159
662;505.687619047619;4221
663;505.788571428571;4071
664;505.889523809524;4252
665;505.990476190476;4170
666;506.091428571429;4105
667;506.192380952381;4206
668;506.293333333333;4401
669;506.394285714286;4220
670;506.495238095238;4231
671;506.59619047619;4174
672;506.697142857143;4069
673;506.798095238095;4264
674;506.899047619048;4354
675;507;4133
676;507.100952380952;4377
677;507.201904761905;4308
678;507.302857142857;4324
679;507.40380952381;4211
680;507.504761904762;4304
681;507.605714285714;4260
682;507.706666666667;4260
683;507.807619047619;4174
684;507.908571428571;4251
685;508.009523809524;4348
686;508.110476190476;4300
687;508.211428571429;4012
688;508.312380952381;4441
689;508.413333333333;4313
690;508.514285714286;4232
691;508.615238095238;4162
692;508.71619047619;4210
693;508.817142857143;4392
694;508.918095238095;4350
695;509.019047619048;4348
696;509.12;4535
697;509.220952380952;4343
698;509.321904761905;4434
699;509.422857142857;4385
700;509.52380952381;4486
701;509.624761904762;4353
702;509.725714285714;4583
703;509.826666666667;4399
704;509.927619047619;4364
705;510.028571428571;4329
706;510.129523809524;4484
707;510.230476190476;4391
708;510.331428571429;4469
709;510.432380952381;4548
710;510.533333333333;4350
711;510.634285714286;4626
712;510.735238095238;4647
713;510.83619047619;4604
714;510.937142857143;4456
715;511.038095238095;4495
716;511.139047619048;4435
717;511.24;4513
718;511.340952380952;4576
719;511.441904761905;4574
720;511.542857142857;4733
721;511.64380952381;4777
722;511.744761904762;4650
723;511.845714285714;4668
724;511.946666666667;4585
725;512.047619047619;4550
726;512.148571428571;4826
727;512.249523809524;4601
728;512.350476190476;4540
729;512.451428571429;4788
730;512.552380952381;4679
731;512.653333333333;4723
732;512.754285714286;4806
733;512.855238095238;4500
734;512.956190476191;4700
735;513.057142857143;4685
736;513.158095238095;4857
737;513.259047619048;4647
738;513.36;4840
739;513.460952380952;4726
740;513.561904761905;4820
741;513.662857142857;4582
742;513.76380952381;4559
743;513.864761904762;4590
744;513.965714285714;4835
745;514.066666666667;4734
746;514.167619047619;4487
747;514.268571428571;4723
748;514.369523809524;4677
749;514.470476190476;4643
750;514.571428571429;4549
751;514.672380952381;4785
752;514.773333333333;4837
753;514.874285714286;4800
754;514.975238095238;4561
755;515.07619047619;4800
756;515.177142857143;4864
757;515.278095238095;4832
758;515.379047619048;4718
759;515.48;4944
760;515.580952380952;4814
761;515.681904761905;4888
762;515.782857142857;4768
763;515.88380952381;4781
764;515.984761904762;4638
765;516.085714285714;4957
766;516.186666666667;4946
767;516.287619047619;4886
768;516.388571428571;4814
769;516.489523809524;4699
770;516.590476190476;4776
771;516.691428571429;4811
772;516.792380952381;4677
773;516.893333333333;4623
774;516.994285714286;4853
775;517.095238095238;4861
776;517.19619047619;4871
777;517.297142857143;4726
778;517.398095238095;4599
779;517.499047619048;4930
780;517.6;4877
781;517.700952380952;4967
782;517.801904761905;4873
783;517.902857142857;4849
784;518.00380952381;4819
785;518.104761904762;4856
786;518.205714285714;4893
787;518.306666666667;4758
788;518.407619047619;4836
789;518.508571428571;4947
790;518.609523809524;4880
791;518.710476190476;4822
792;518.811428571429;4813
793;518.912380952381;4826
794;519.013333333333;4917
795;519.114285714286;4908
796;519.215238095238;5021
797;519.31619047619;5000
798;519.417142857143;4811
799;519.518095238095;4936
800;519.619047619048;4870
801;519.72;4910
802;519.820952380952;4752
803;519.921904761905;4903
804;520.022857142857;4832
805;520.12380952381;4919
806;520.224761904762;5007
807;520.325714285714;4966
808;520.426666666667;4883
809;520.527619047619;4910
810;520.628571428571;5059
811;520.729523809524;5037
812;520.830476190476;5021
813;520.931428571429;4845
814;521.032380952381;4761
815;521.133333333333;4769
816;521.234285714286;5012
817;521.335238095238;4826
818;521.43619047619;4848
819;521.537142857143;4834
820;521.638095238095;4816
821;521.739047619048;4978
822;521.84;4989
823;521.940952380952;5038
824;522.041904761905;4983
825;522.142857142857;4926
826;522.24380952381;4805
827;522.344761904762;4824
828;522.445714285714;5102
829;522.546666666667;4993
830;522.647619047619;5069
831;522.748571428571;5022
832;522.849523809524;4978
833;522.950476190476;4949
834;523.051428571429;4848
835;523.152380952381;4921
836;523.253333333333;4927
837;523.354285714286;4923
838;523.455238095238;5038
839;523.55619047619;4868
840;523.657142857143;4930
841;523.758095238095;5200
842;523.859047619048;4813
843;523.96;4981
844;524.060952380952;5028
845;524.161904761905;4865
846;524.262857142857;5022
847;524.36380952381;4788
848;524.464761904762;5104
849;524.565714285714;5152
850;524.666666666667;5212
851;524.767619047619;4823
852;524.868571428571;4948
853;524.969523809524;5106
854;525.070476190476;4870
855;525.171428571429;4965
856;525.272380952381;5149
857;525.373333333333;5059
858;525.474285714286;5137
859;525.575238095238;5096
860;525.67619047619;4957
861;525.777142857143;5040
862;525.878095238095;5258
863;525.979047619048;4976
864;526.08;5134
865;526.180952380952;5092
866;526.281904761905;5134
867;526.382857142857;4979
868;526.483809523809;4880
869;526.584761904762;4971
870;526.685714285714;5126
871;526.786666666667;5053
872;526.887619047619;4929
873;526.988571428571;4964
874;527.089523809524;5010
875;527.190476190476;5083
876;527.291428571429;5000
877;527.392380952381;4988
878;527.493333333333;5188
879;527.594285714286;4955
880;527.695238095238;4991
881;527.79619047619;4894
882;527.897142857143;5031
883;527.998095238095;5054
884;528.099047619048;4977
885;528.2;4939
886;528.300952380952;5073
887;528.401904761905;4889
888;528.502857142857;4973
889;528.603809523809;5070
890;528.704761904762;4963
891;528.805714285714;4986
892;528.906666666667;4814
893;529.007619047619;4698
894;529.108571428571;4681
895;529.209523809524;4784
896;529.310476190476;4737
897;529.411428571429;4733
898;529.512380952381;4743
899;529.613333333333;4690
900;529.714285714286;4912
901;529.815238095238;4732
902;529.91619047619;4958
903;530.017142857143;4925
904;530.118095238095;5125
905;530.219047619048;4758
906;530.32;5164
907;530.420952380952;5090
908;530.521904761905;4972
909;530.622857142857;4939
910;530.723809523809;5099
911;530.824761904762;4952
912;530.925714285714;5009
913;531.026666666667;4928
914;531.127619047619;4903
915;531.228571428571;4990
916;531.329523809524;4904
917;531.430476190476;4996
918;531.531428571429;5177
919;531.632380952381;5007
920;531.733333333333;5085
921;531.834285714286;5040
922;531.935238095238;5082
923;532.03619047619;5275
924;532.137142857143;4939
925;532.238095238095;5006
926;532.339047619048;5040
927;532.44;5007
928;532.540952380952;4866
929;532.641904761905;4919
930;532.742857142857;5141
931;532.843809523809;5052
932;532.944761904762;4909
933;533.045714285714;4959
934;533.146666666667;5213
935;533.247619047619;4990
936;533.348571428571;4988
937;533.449523809524;5000
938;533.550476190476;5035
939;533.651428571429;4928
940;533.752380952381;5046
941;533.853333333333;4864
942;533.954285714286;5098
943;534.055238095238;4719
944;534.15619047619;5072
945;534.257142857143;4778
946;534.358095238095;5020
947;534.459047619048;4827
948;534.56;5003
949;534.660952380952;5023
950;534.761904761905;5059
951;534.862857142857;4996
952;534.963809523809;5049
953;535.064761904762;5004
954;535.165714285714;5109
955;535.266666666667;5050
956;535.367619047619;5106
957;535.468571428571;5140
958;535.569523809524;5060
959;535.670476190476;4989
960;535.771428571428;4938
961;535.872380952381;4991
962;535.973333333333;4878
963;536.074285714286;5108
964;536.175238095238;5015
965;536.27619047619;4937
966;536.377142857143;4937
967;536.478095238095;5119
968;536.579047619048;5064
969;536.68;4994
970;536.780952380952;5002
971;536.881904761905;5098
972;536.982857142857;4983
973;537.083809523809;5116
974;537.184761904762;5081
975;537.285714285714;5120
976;537.386666666667;4994
977;537.487619047619;4983
978;537.588571428571;5095
979;537.689523809524;4966
980;537.790476190476;4826
981;537.891428571428;4887
982;537.992380952381;5077
983;538.093333333333;5068
984;538.194285714286;5015
985;538.295238095238;5093
986;538.39619047619;4933
987;538.497142857143;5076
988;538.598095238095;5074
989;538.699047619048;4809
990;538.8;5010
991;538.900952380952;5072
992;539.001904761905;5209
993;539.102857142857;4939
994;539.203809523809;4966
995;539.304761904762;5193
996;539.405714285714;5098
997;539.506666666667;5053
998;539.607619047619;5143
999;539.708571428571;5018
1000;539.809523809524;4938
1001;539.910476190476;5090
1002;540.011428571428;5177
1003;540.112380952381;4936
1004;540.213333333333;5156
1005;540.314285714286;4925
1006;540.415238095238;4951
1007;540.51619047619;5235
1008;540.617142857143;5046
1009;540.718095238095;5084
1010;540.819047619048;5196
1011;540.92;4975
1012;541.020952380952;5073
1013;541.121904761905;5101
1014;541.222857142857;5040
1015;541.323809523809;4978
1016;541.424761904762;4966
1017;541.525714285714;5148
1018;541.626666666667;4926
1019;541.727619047619;5048
1020;541.828571428571;5033
1021;541.929523809524;5052
1022;542.030476190476;5028
1023;542.131428571429;5061
1024;542.232380952381;4960
1025;542.333333333333;4933
1026;542.434285714286;5000
1027;542.535238095238;5036
1028;542.63619047619;4960
1029;542.737142857143;5002
1030;542.838095238095;5072
1031;542.939047619048;5120
1032;543.04;5052
1033;543.140952380952;4806
1034;543.241904761905;5178
1035;543.342857142857;5010
1036;543.443809523809;4880
1037;543.544761904762;4932
1038;543.645714285714;5151
1039;543.746666666667;5091
1040;543.847619047619;5205
1041;543.948571428571;5074
1042;544.049523809524;5016
1043;544.150476190476;4921
1044;544.251428571429;5175
1045;544.352380952381;5213
1046;544.453333333333;5206
1047;544.554285714286;4870
1048;544.655238095238;5010
1049;544.75619047619;4895
1050;544.857142857143;5174
1051;544.958095238095;5135
1052;545.059047619048;5015
1053;545.16;5163
1054;545.260952380952;5011
1055;545.361904761905;4881
1056;545.462857142857;5188
1057;545.563809523809;4993
1058;545.664761904762;5312
1059;545.765714285714;5113
1060;545.866666666667;5066
1061;545.967619047619;5132
1062;546.068571428571;5220
1063;546.169523809524;5058
1064;546.270476190476;5142
1065;546.371428571429;5125
1066;546.472380952381;5194
1067;546.573333333333;5274
1068;546.674285714286;5093
1069;546.775238095238;5115
1070;546.87619047619;5084
1071;546.977142857143;4923
1072;547.078095238095;5146
1073;547.179047619048;4950
1074;547.28;5163
1075;547.380952380952;5166
1076;547.481904761905;5155
1077;547.582857142857;5081
1078;547.683809523809;5281
1079;547.784761904762;5217
1080;547.885714285714;5149
1081;547.986666666667;5183
1082;548.087619047619;5158
1083;548.188571428571;5200
1084;548.289523809524;5252
1085;548.390476190476;5150
1086;548.491428571429;5246
1087;548.592380952381;5078
1088;548.693333333333;5095
1089;548.794285714286;5029
1090;548.895238095238;5007
1091;548.99619047619;5353
1092;549.097142857143;5097
1093;549.198095238095;5105
1094;549.299047619048;5185
1095;549.4;5129
1096;549.500952380952;5078
1097;549.601904761905;5199
1098;549.702857142857;5111
1099;549.803809523809;5191
1100;549.904761904762;5140
1101;550.005714285714;5149
1102;550.106666666667;5045
1103;550.207619047619;5105
1104;550.308571428571;5325
1105;550.409523809524;5294
1106;550.510476190476;5299
1107;550.611428571429;5168
1108;550.712380952381;5122
1109;550.813333333333;5269
1110;550.914285714286;5151
1111;551.015238095238;5293
1112;551.11619047619;5246
1113;551.217142857143;5271
1114;551.318095238095;5360
1115;551.419047619048;5232
1116;551.52;5250
1117;551.620952380952;5223
1118;551.721904761905;5289
1119;551.822857142857;5251
1120;551.923809523809;5180
1121;552.024761904762;5089
1122;552.125714285714;5515
1123;552.226666666667;5212
1124;552.327619047619;5255
1125;552.428571428571;5322
1126;552.529523809524;5268
1127;552.630476190476;5248
1128;552.731428571429;5247
1129;552.832380952381;5251
1130;552.933333333333;5227
1131;553.034285714286;5110
1132;553.135238095238;5252
1133;553.23619047619;5262
1134;553.337142857143;5413
1135;553.438095238095;5287
1136;553.539047619048;5081
1137;553.64;5236
1138;553.740952380952;5275
1139;553.841904761905;5343
1140;553.942857142857;5365
1141;554.04380952381;5360
1142;554.144761904762;5416
1143;554.245714285714;5224
1144;554.346666666667;5373
1145;554.447619047619;5283
1146;554.548571428571;5302
1147;554.649523809524;5412
1148;554.750476190476;5254
1149;554.851428571429;5336
1150;554.952380952381;5255
1151;555.053333333333;5273
1152;555.154285714286;5398
1153;555.255238095238;5281
1154;555.35619047619;5245
1155;555.457142857143;5376
1156;555.558095238095;5359
1157;555.659047619048;5445
1158;555.76;5390
1159;555.860952380952;5313
1160;555.961904761905;5370
1161;556.062857142857;5273
1162;556.16380952381;5380
1163;556.264761904762;5379
1164;556.365714285714;5428
1165;556.466666666667;5263
1166;556.567619047619;5571
1167;556.668571428571;5300
1168;556.769523809524;5494
1169;556.870476190476;5334
1170;556.971428571429;5492
1171;557.072380952381;5348
1172;557.173333333333;5438
1173;557.274285714286;5282
1174;557.375238095238;5436
1175;557.47619047619;5382
1176;557.577142857143;5372
1177;557.678095238095;5439
1178;557.779047619048;5425
1179;557.88;5644
1180;557.980952380952;5243
1181;558.081904761905;5457
1182;558.182857142857;5485
1183;558.28380952381;5404
1184;558.384761904762;5382
1185;558.485714285714;5522
1186;558.586666666667;5469
1187;558.687619047619;5456
1188;558.788571428571;5508
1189;558.889523809524;5333
1190;558.990476190476;5415
1191;559.091428571429;5445
1192;559.192380952381;5735
1193;559.293333333333;5476
1194;559.394285714286;5534
1195;559.495238095238;5506
1196;559.59619047619;5504
1197;559.697142857143;5462
1198;559.798095238095;5503
1199;559.899047619048;5419
1200;560;5536
1201;560.100952380952;5528
1202;560.201904761905;5588
1203;560.302857142857;5524
1204;560.40380952381;5657
1205;560.504761904762;5478
1206;560.605714285714;5700
1207;560.706666666667;5588
1208;560.807619047619;5602
1209;560.908571428571;5752
1210;561.009523809524;5619
1211;561.110476190476;5590
1212;561.211428571429;5618
1213;561.312380952381;5630
1214;561.413333333333;5624
1215;561.514285714286;5667
1216;561.615238095238;5707
1217;561.71619047619;5541
1218;561.817142857143;5729
1219;561.918095238095;5650
1220;562.019047619048;5612
1221;562.12;5597
1222;562.220952380952;5792
1223;562.321904761905;5667
1224;562.422857142857;5627
1225;562.52380952381;5760
1226;562.624761904762;5693
1227;562.725714285714;5656
1228;562.826666666667;5588
1229;562.927619047619;5680
1230;563.028571428571;5784
1231;563.129523809524;5736
1232;563.230476190476;5795
1233;563.331428571429;5736
1234;563.432380952381;5711
1235;563.533333333333;5742
1236;563.634285714286;5858
1237;563.735238095238;5708
1238;563.83619047619;5798
1239;563.937142857143;5756
1240;564.038095238095;5700
1241;564.139047619048;5843
1242;564.24;5724
1243;564.340952380952;5791
1244;564.441904761905;5842
1245;564.542857142857;5843
1246;564.64380952381;5936
1247;564.744761904762;5856
1248;564.845714285714;5806
1249;564.946666666667;6011
1250;565.047619047619;5878
1251;565.148571428571;5838
1252;565.249523809524;5934
1253;565.350476190476;5933
1254;565.451428571429;5865
1255;565.552380952381;5852
1256;565.653333333333;6005
1257;565.754285714286;5957
1258;565.855238095238;5866
1259;565.956190476191;6015
1260;566.057142857143;5960
1261;566.158095238095;5982
1262;566.259047619048;5921
1263;566.36;5927
1264;566.460952380952;5956
1265;566.561904761905;5903
1266;566.662857142857;6005
1267;566.76380952381;5919
1268;566.864761904762;5949
1269;566.965714285714;5942
1270;567.066666666667;6009
1271;567.167619047619;5905
1272;567.268571428571;5960
1273;567.369523809524;5962
1274;567.470476190476;5965
1275;567.571428571429;6068
1276;567.672380952381;6064
1277;567.773333333333;6055
1278;567.874285714286;5797
1279;567.975238095238;6009
1280;568.07619047619;5922
1281;568.177142857143;6132
1282;568.278095238095;6115
1283;568.379047619048;6264
1284;568.48;6106
1285;568.580952380952;6143
1286;568.681904761905;6150
1287;568.782857142857;6215
1288;568.88380952381;6216
1289;568.984761904762;6185
1290;569.085714285714;6115
1291;569.186666666667;6129
1292;569.287619047619;6096
1293;569.388571428571;6044
1294;569.489523809524;6182
1295;569.590476190476;5963
1296;569.691428571429;6170
1297;569.792380952381;6212
1298;569.893333333333;6338
1299;569.994285714286;6123
1300;570.095238095238;6015
1301;570.19619047619;6143
1302;570.297142857143;6200
1303;570.398095238095;6207
1304;570.499047619048;6218
1305;570.6;6314
1306;570.700952380952;6270
1307;570.801904761905;6208
1308;570.902857142857;6298
1309;571.00380952381;6121
1310;571.104761904762;6205
1311;571.205714285714;6251
1312;571.306666666667;6418
1313;571.407619047619;6144
1314;571.508571428571;6183
1315;571.609523809524;6295
1316;571.710476190476;6258
1317;571.811428571429;6297
1318;571.912380952381;6398
1319;572.013333333333;6186
1320;572.114285714286;6431
1321;572.215238095238;6303
1322;572.31619047619;6347
1323;572.417142857143;6411
1324;572.518095238095;6351
1325;572.619047619048;6140
1326;572.72;6381
1327;572.820952380952;6246
1328;572.921904761905;6315
1329;573.022857142857;6446
1330;573.12380952381;6488
1331;573.224761904762;6337
1332;573.325714285714;6285
1333;573.426666666667;6281
1334;573.527619047619;6165
1335;573.628571428571;6310
1336;573.729523809524;6286
1337;573.830476190476;6335
1338;573.931428571429;6418
1339;574.032380952381;6395
1340;574.133333333333;6439
1341;574.234285714286;6319
1342;574.335238095238;6442
1343;574.43619047619;6451
1344;574.537142857143;6471
1345;574.638095238095;6446
1346;574.739047619048;6522
1347;574.84;6317
1348;574.940952380952;6396
1349;575.041904761905;6427
1350;575.142857142857;6407
1351;575.24380952381;6359
1352;575.344761904762;6526
1353;575.445714285714;6418
1354;575.546666666667;6395
1355;575.647619047619;6507
1356;575.748571428571;6312
1357;575.849523809524;6383
1358;575.950476190476;6529
1359;576.051428571429;6532
1360;576.152380952381;6492
1361;576.253333333333;6448
1362;576.354285714286;6420
1363;576.455238095238;6481
1364;576.55619047619;6516
1365;576.657142857143;6648
1366;576.758095238095;6626
1367;576.859047619048;6684
1368;576.96;6541
1369;577.060952380952;6473
1370;577.161904761905;6570
1371;577.262857142857;6653
1372;577.363809523809;6486
1373;577.464761904762;6613
1374;577.565714285714;6603
1375;577.666666666667;6429
1376;577.767619047619;6476
1377;577.868571428571;6587
1378;577.969523809524;6606
1379;578.070476190476;6620
1380;578.171428571429;6754
1381;578.272380952381;6676
1382;578.373333333333;6663
1383;578.474285714286;6551
1384;578.575238095238;6420
1385;578.67619047619;6605
1386;578.777142857143;6532
1387;578.878095238095;6596
1388;578.979047619048;6517
1389;579.08;6526
1390;579.180952380952;6561
1391;579.281904761905;6464
1392;579.382857142857;6550
1393;579.483809523809;6474
1394;579.584761904762;6572
1395;579.685714285714;6647
1396;579.786666666667;6544
1397;579.887619047619;6811
1398;579.988571428571;6581
1399;580.089523809524;6614
1400;580.190476190476;6615
1401;580.291428571429;6564
1402;580.392380952381;6533
1403;580.493333333333;6526
1404;580.594285714286;6423
1405;580.695238095238;6425
1406;580.79619047619;6604
1407;580.897142857143;6646
1408;580.998095238095;6713
1409;581.099047619048;6484
1410;581.2;6546
1411;581.300952380952;6640
1412;581.401904761905;6593
1413;581.502857142857;6559
1414;581.603809523809;6618
1415;581.704761904762;6505
1416;581.805714285714;6576
1417;581.906666666667;6675
1418;582.007619047619;6722
1419;582.108571428571;6507
1420;582.209523809524;6610
1421;582.310476190476;6546
1422;582.411428571429;6588
1423;582.512380952381;6605
1424;582.613333333333;6421
1425;582.714285714286;6419
1426;582.815238095238;6567
1427;582.91619047619;6736
1428;583.017142857143;6690
1429;583.118095238095;6561
1430;583.219047619048;6678
1431;583.32;6456
1432;583.420952380952;6372
1433;583.521904761905;6497
1434;583.622857142857;6427
1435;583.723809523809;6631
1436;583.824761904762;6562
1437;583.925714285714;6594
1438;584.026666666667;6585
1439;584.127619047619;6577
1440;584.228571428571;6659
1441;584.329523809524;6537
1442;584.430476190476;6553
1443;584.531428571429;6380
1444;584.632380952381;6583
1445;584.733333333333;6567
1446;584.834285714286;6627
1447;584.935238095238;6607
1448;585.03619047619;6516
1449;585.137142857143;6629
1450;585.238095238095;6735
1451;585.339047619048;6542
1452;585.44;6730
1453;585.540952380952;6650
1454;585.641904761905;6559
1455;585.742857142857;6717
1456;585.843809523809;6561
1457;585.944761904762;6641
1458;586.045714285714;6627
1459;586.146666666667;6487
1460;586.247619047619;6738
1461;586.348571428571;6695
1462;586.449523809524;6407
1463;586.550476190476;6650
1464;586.651428571428;6680
1465;586.752380952381;6579
1466;586.853333333333;6544
1467;586.954285714286;6696
1468;587.055238095238;6575
1469;587.15619047619;6670
1470;587.257142857143;6497
1471;587.358095238095;6526
1472;587.459047619048;6570
1473;587.56;6614
1474;587.660952380952;6733
1475;587.761904761905;6477
1476;587.862857142857;6721
1477;587.963809523809;6633
1478;588.064761904762;6599
1479;588.165714285714;6626
1480;588.266666666667;6556
1481;588.367619047619;6674
1482;588.468571428571;6571
1483;588.569523809524;6508
1484;588.670476190476;6532
1485;588.771428571428;6600
1486;588.872380952381;6543
1487;588.973333333333;6566
1488;589.074285714286;6606
1489;589.175238095238;6476
1490;589.27619047619;6714
1491;589.377142857143;6598
1492;589.478095238095;6495
1493;589.579047619048;6529
1494;589.68;6628
1495;589.780952380952;6473
1496;589.881904761905;6519
1497;589.982857142857;6662
1498;590.083809523809;6545
1499;590.184761904762;6578
1500;590.285714285714;6604
1501;590.386666666667;6499
1502;590.487619047619;6575
1503;590.588571428571;6593
1504;590.689523809524;6441
1505;590.790476190476;6500
1506;590.891428571428;6510
1507;590.992380952381;6625
1508;591.093333333333;6595
1509;591.194285714286;6510
1510;591.295238095238;6694
1511;591.39619047619;6589
1512;591.497142857143;6604
1513;591.598095238095;6572
1514;591.699047619048;6641
1515;591.8;6621
1516;591.900952380952;6626
1517;592.001904761905;6506
1518;592.102857142857;6468
1519;592.203809523809;6557
1520;592.304761904762;6534
1521;592.405714285714;6579
1522;592.506666666667;6451
1523;592.607619047619;6474
1524;592.708571428571;6411
1525;592.809523809524;6659
1526;592.910476190476;6488
1527;593.011428571428;6473
1528;593.112380952381;6631
1529;593.213333333333;6600
1530;593.314285714286;6561
1531;593.415238095238;6440
1532;593.51619047619;6529
1533;593.617142857143;6444
1534;593.718095238095;6514
1535;593.819047619048;6410
1536;593.92;6430
1537;594.020952380952;6493
1538;594.121904761905;6450
1539;594.222857142857;6615
1540;594.323809523809;6479
1541;594.424761904762;6551
1542;594.525714285714;6428
1543;594.626666666667;6517
1544;594.727619047619;6368
1545;594.828571428571;6584
1546;594.929523809524;6480
1547;595.030476190476;6564
1548;595.131428571429;6482
1549;595.232380952381;6358
1550;595.333333333333;6522
1551;595.434285714286;6592
1552;595.535238095238;6410
1553;595.63619047619;6309
1554;595.737142857143;6505
1555;595.838095238095;6567
1556;595.939047619048;6438
1557;596.04;6609
1558;596.140952380952;6394
1559;596.241904761905;6453
1560;596.342857142857;6560
1561;596.443809523809;6459
1562;596.544761904762;6544
1563;596.645714285714;6421
1564;596.746666666667;6385
1565;596.847619047619;6412
1566;596.948571428571;6353
1567;597.049523809524;6412
1568;597.150476190476;6509
1569;597.251428571429;6356
1570;597.352380952381;6254
1571;597.453333333333;6358
1572;597.554285714286;6482
1573;597.655238095238;6418
1574;597.75619047619;6404
1575;597.857142857143;6381
1576;597.958095238095;6515
1577;598.059047619048;6407
1578;598.16;6271
1579;598.260952380952;6430
1580;598.361904761905;6429
1581;598.462857142857;6451
1582;598.563809523809;6327
1583;598.664761904762;6217
1584;598.765714285714;6343
1585;598.866666666667;6327
1586;598.967619047619;6398
1587;599.068571428571;6368
1588;599.169523809524;6230
1589;599.270476190476;6401
1590;599.371428571429;6303
1591;599.472380952381;6263
1592;599.573333333333;6458
1593;599.674285714286;6359
1594;599.775238095238;6222
1595;599.87619047619;6380
1596;599.977142857143;6262
1597;600.078095238095;6209
1598;600.179047619048;6173
1599;600.28;6317
1600;600.380952380952;6188
1601;600.481904761905;6319
1602;600.582857142857;6288
1603;600.683809523809;6322
1604;600.784761904762;6151
1605;600.885714285714;6322
1606;600.986666666667;6146
1607;601.087619047619;6274
1608;601.188571428571;6319
1609;601.289523809524;6239
1610;601.390476190476;6243
1611;601.491428571429;6103
1612;601.592380952381;6283
1613;601.693333333333;6147
1614;601.794285714286;6239
1615;601.895238095238;6242
1616;601.99619047619;6185
1617;602.097142857143;6174
1618;602.198095238095;6247
1619;602.299047619048;6307
1620;602.4;6093
1621;602.500952380952;6189
1622;602.601904761905;6159
1623;602.702857142857;6180
1624;602.803809523809;6223
1625;602.904761904762;6110
1626;603.005714285714;6222
1627;603.106666666667;5958
1628;603.207619047619;5888
1629;603.308571428571;6143
1630;603.409523809524;6123
1631;603.510476190476;6211
1632;603.611428571429;6035
1633;603.712380952381;6152
1634;603.813333333333;6110
1635;603.914285714286;6174
1636;604.015238095238;6064
1637;604.11619047619;6143
1638;604.217142857143;6144
1639;604.318095238095;6037
1640;604.419047619048;6135
1641;604.52;6028
1642;604.620952380952;6123
1643;604.721904761905;6076
1644;604.822857142857;5914
1645;604.923809523809;5947
1646;605.024761904762;6050
1647;605.125714285714;6045
1648;605.226666666667;6114
1649;605.327619047619;6001
1650;605.428571428571;6150
1651;605.529523809524;5963
1652;605.630476190476;6049
1653;605.731428571429;5983
1654;605.832380952381;5938
1655;605.933333333333;5943
1656;606.034285714286;5871
1657;606.135238095238;6071
1658;606.23619047619;5852
1659;606.337142857143;6063
1660;606.438095238095;6002
1661;606.539047619048;5885
1662;606.64;5908
1663;606.740952380952;5896
1664;606.841904761905;5990
1665;606.942857142857;5905
1666;607.04380952381;5974
1667;607.144761904762;5930
1668;607.245714285714;5894
1669;607.346666666667;5925
1670;607.447619047619;5893
1671;607.548571428571;5971
1672;607.649523809524;5867
1673;607.750476190476;5969
1674;607.851428571429;5890
1675;607.952380952381;5821
1676;608.053333333333;5767
1677;608.154285714286;5902
1678;608.255238095238;5742
1679;608.35619047619;5839
1680;608.457142857143;5907
1681;608.558095238095;5766
1682;608.659047619048;5853
1683;608.76;5821
1684;608.860952380952;5683
1685;608.961904761905;5774
1686;609.062857142857;5723
1687;609.16380952381;5813
1688;609.264761904762;5762
1689;609.365714285714;5636
1690;609.466666666667;5685
1691;609.567619047619;5603
1692;609.668571428571;5781
1693;609.769523809524;5539
1694;609.870476190476;5628
1695;609.971428571429;5746
1696;610.072380952381;5735
1697;610.173333333333;5690
1698;610.274285714286;5832
1699;610.375238095238;5744
1700;610.47619047619;5781
1701;610.577142857143;5790
1702;610.678095238095;5585
1703;610.779047619048;5696
1704;610.88;5592
1705;610.980952380952;5616
1706;611.081904761905;5691
1707;611.182857142857;5655
1708;611.28380952381;5534
1709;611.384761904762;5578
1710;611.485714285714;5632
1711;611.586666666667;5597
1712;611.687619047619;5478
1713;611.788571428571;5549
1714;611.889523809524;5611
1715;611.990476190476;5620
1716;612.091428571429;5461
1717;612.192380952381;5485
1718;612.293333333333;5592
1719;612.394285714286;5594
1720;612.495238095238;5614
1721;612.59619047619;5449
1722;612.697142857143;5515
1723;612.798095238095;5434
1724;612.899047619048;5431
1725;613;5493
1726;613.100952380952;5466
1727;613.201904761905;5355
1728;613.302857142857;5415
1729;613.40380952381;5409
1730;613.504761904762;5406
1731;613.605714285714;5529
1732;613.706666666667;5359
1733;613.807619047619;5343
1734;613.908571428571;5324
1735;614.009523809524;5373
1736;614.110476190476;5490
1737;614.211428571429;5294
1738;614.312380952381;5294
1739;614.413333333333;5270
1740;614.514285714286;5268
1741;614.615238095238;5397
1742;614.71619047619;5223
1743;614.817142857143;5293
1744;614.918095238095;5183
1745;615.019047619048;5260
1746;615.12;5366
1747;615.220952380952;5390
1748;615.321904761905;5344
1749;615.422857142857;5316
1750;615.52380952381;5210
1751;615.624761904762;5123
1752;615.725714285714;5187
1753;615.826666666667;5178
1754;615.927619047619;5320
1755;616.028571428571;5079
1756;616.129523809524;5191
1757;616.230476190476;5148
1758;616.331428571429;5209
1759;616.432380952381;5182
1760;616.533333333333;5117
1761;616.634285714286;5084
1762;616.735238095238;5070
1763;616.83619047619;5125
1764;616.937142857143;5109
1765;617.038095238095;4995
1766;617.139047619048;5124
1767;617.24;5043
1768;617.340952380952;4995
1769;617.441904761905;5021
1770;617.542857142857;4928
1771;617.64380952381;5070
1772;617.744761904762;4984
1773;617.845714285714;5035
1774;617.946666666667;5007
1775;618.047619047619;4980
1776;618.148571428571;4905
1777;618.249523809524;4870
1778;618.350476190476;5001
1779;618.451428571429;4864
1780;618.552380952381;4884
1781;618.653333333333;4887
1782;618.754285714286;4955
1783;618.855238095238;4933
1784;618.95619047619;4904
1785;619.057142857143;4908
1786;619.158095238095;4769
1787;619.259047619048;4939
1788;619.36;4847
1789;619.460952380952;4890
1790;619.561904761905;4690
1791;619.662857142857;4767
1792;619.76380952381;4783
1793;619.864761904762;4861
1794;619.965714285714;4705
1795;620.066666666667;4839
1796;620.167619047619;4729
1797;620.268571428571;4700
1798;620.369523809524;4652
1799;620.470476190476;4515
1800;620.571428571429;4781
1801;620.672380952381;4633
1802;620.773333333333;4734
1803;620.874285714286;4676
1804;620.975238095238;4615
1805;621.07619047619;4715
1806;621.177142857143;4795
1807;621.278095238095;4687
1808;621.379047619048;4644
1809;621.48;4491
1810;621.580952380952;4543
1811;621.681904761905;4531
1812;621.782857142857;4575
1813;621.88380952381;4528
1814;621.984761904762;4589
1815;622.085714285714;4453
1816;622.186666666667;4592
1817;622.287619047619;4366
1818;622.388571428571;4518
1819;622.489523809524;4681
1820;622.590476190476;4481
1821;622.691428571429;4484
1822;622.792380952381;4389
1823;622.893333333333;4455
1824;622.994285714286;4505
1825;623.095238095238;4403
1826;623.19619047619;4544
1827;623.297142857143;4345
1828;623.398095238095;4341
1829;623.499047619048;4388
1830;623.6;4259
1831;623.700952380952;4412
1832;623.801904761905;4312
1833;623.902857142857;4295
1834;624.00380952381;4394
1835;624.104761904762;4455
1836;624.205714285714;4366
1837;624.306666666667;4366
1838;624.407619047619;4296
1839;624.508571428571;4357
1840;624.609523809524;4277
1841;624.710476190476;4295
1842;624.811428571429;4217
1843;624.912380952381;4078
1844;625.013333333333;4176
1845;625.114285714286;4144
1846;625.215238095238;4003
1847;625.31619047619;4176
1848;625.417142857143;4241
1849;625.518095238095;4200
1850;625.619047619048;4204
1851;625.72;4160
1852;625.820952380952;4178
1853;625.921904761905;4173
1854;626.022857142857;4084
1855;626.12380952381;4090
1856;626.224761904762;4054
1857;626.325714285714;4031
1858;626.426666666667;3981
1859;626.527619047619;4020
1860;626.628571428571;3953
1861;626.729523809524;4011
1862;626.830476190476;3951
1863;626.931428571429;4045
1864;627.032380952381;4160
1865;627.133333333333;4099
1866;627.234285714286;3899
1867;627.335238095238;4055
1868;627.43619047619;3829
1869;627.537142857143;3916
1870;627.638095238095;3963
1871;627.739047619048;3871
1872;627.84;3980
1873;627.940952380952;3947
1874;628.041904761905;3930
1875;628.142857142857;3935
1876;628.243809523809;3816
1877;628.344761904762;3884
1878;628.445714285714;3869
1879;628.546666666667;3923
1880;628.647619047619;3861
1881;628.748571428571;3802
1882;628.849523809524;3844
1883;628.950476190476;3756
1884;629.051428571429;3869
1885;629.152380952381;3820
1886;629.253333333333;3723
1887;629.354285714286;3804
1888;629.455238095238;3840
1889;629.55619047619;3751
1890;629.657142857143;3704
1891;629.758095238095;3805
1892;629.859047619048;3690
1893;629.96;3622
1894;630.060952380952;3588
1895;630.161904761905;3664
1896;630.262857142857;3589
1897;630.363809523809;3567
1898;630.464761904762;3713
1899;630.565714285714;3642
1900;630.666666666667;3690
1901;630.767619047619;3597
1902;630.868571428571;3571
1903;630.969523809524;3555
1904;631.070476190476;3585
1905;631.171428571429;3531
1906;631.272380952381;3543
1907;631.373333333333;3656
1908;631.474285714286;3513
1909;631.575238095238;3469
1910;631.67619047619;3424
1911;631.777142857143;3490
1912;631.878095238095;3528
1913;631.979047619048;3435
1914;632.08;3551
1915;632.180952380952;3510
1916;632.281904761905;3455
1917;632.382857142857;3430
1918;632.483809523809;3411
1919;632.584761904762;3401
1920;632.685714285714;3389
1921;632.786666666667;3301
1922;632.887619047619;3377
1923;632.988571428571;3316
1924;633.089523809524;3387
1925;633.190476190476;3465
1926;633.291428571429;3308
1927;633.392380952381;3192
1928;633.493333333333;3270
1929;633.594285714286;3111
1930;633.695238095238;3406
1931;633.79619047619;3302
1932;633.897142857143;3384
1933;633.998095238095;3281
1934;634.099047619048;3223
1935;634.2;3269
1936;634.300952380952;3219
1937;634.401904761905;3098
1938;634.502857142857;3156
1939;634.603809523809;3211
1940;634.704761904762;3079
1941;634.805714285714;3084
1942;634.906666666667;3117
1943;635.007619047619;3132
1944;635.108571428571;3082
1945;635.209523809524;3117
1946;635.310476190476;3170
1947;635.411428571429;3248
1948;635.512380952381;3080
1949;635.613333333333;3043
1950;635.714285714286;3113
1951;635.815238095238;3039
1952;635.91619047619;3110
1953;636.017142857143;3028
1954;636.118095238095;3019
1955;636.219047619048;3055
1956;636.32;2921
1957;636.420952380952;2977
1958;636.521904761905;3096
1959;636.622857142857;3025
1960;636.723809523809;2929
1961;636.824761904762;2984
1962;636.925714285714;2989
1963;637.026666666667;3028
1964;637.127619047619;2968
1965;637.228571428571;2989
1966;637.329523809524;2918
1967;637.430476190476;2918
1968;637.531428571429;2886
1969;637.632380952381;2946
1970;637.733333333333;2965
1971;637.834285714286;2861
1972;637.935238095238;2909
1973;638.03619047619;2795
1974;638.137142857143;2813
1975;638.238095238095;2855
1976;638.339047619048;2912
1977;638.44;2797
1978;638.540952380952;2847
1979;638.641904761905;2836
1980;638.742857142857;2853
1981;638.843809523809;2760
1982;638.944761904762;2880
1983;639.045714285714;2744
1984;639.146666666667;2816
1985;639.247619047619;2555
1986;639.348571428571;2700
1987;639.449523809524;2678
1988;639.550476190476;2730
1989;639.651428571428;2666
1990;639.752380952381;2757
1991;639.853333333333;2612
1992;639.954285714286;2729
1993;640.055238095238;2741
1994;640.15619047619;2529
1995;640.257142857143;2656
1996;640.358095238095;2656
1997;640.459047619048;2756
1998;640.56;2847
1999;640.660952380952;2680
2000;640.761904761905;2454
2001;640.862857142857;2520
2002;640.963809523809;2634
2003;641.064761904762;2571
2004;641.165714285714;2584
2005;641.266666666667;2599
2006;641.367619047619;2488
2007;641.468571428571;2627
2008;641.569523809524;2532
2009;641.670476190476;2598
2010;641.771428571428;2555
2011;641.872380952381;2470
2012;641.973333333333;2569
2013;642.074285714286;2530
2014;642.175238095238;2475
2015;642.27619047619;2466
2016;642.377142857143;2519
2017;642.478095238095;2479
2018;642.579047619048;2385
2019;642.68;2415
2020;642.780952380952;2537
2021;642.881904761905;2324
2022;642.982857142857;2438
2023;643.083809523809;2393
2024;643.184761904762;2586
2025;643.285714285714;2467
2026;643.386666666667;2452
2027;643.487619047619;2451
2028;643.588571428571;2319
2029;643.689523809524;2277
2030;643.790476190476;2271
2031;643.891428571428;2354
2032;643.992380952381;2458
2033;644.093333333333;2266
2034;644.194285714286;2397
2035;644.295238095238;2365
2036;644.39619047619;2415
2037;644.497142857143;2377
2038;644.598095238095;2101
2039;644.699047619048;2298
2040;644.8;2325
2041;644.900952380952;2236
2042;645.001904761905;2178
2043;645.102857142857;2217
2044;645.203809523809;2253
2045;645.304761904762;2212
2046;645.405714285714;2186
2047;645.506666666667;2225

